C OPT B3LYP 6-31G* FINDBEST=MMFF FREQ NMR POLAR
C CONVERGE SCFTOLERANCE=VERYHIGH GRADIENTTOLERANCE=0.000005
DISTANCETOLERANCE=0.00002 BIGGRID
M0001
0 1
 8   2.743777550  -0.684931347  -1.437136084
 7   1.670146127   0.169016093  -1.617841281
 6   1.061890322   0.222655045  -0.431693702
 6   1.703216806  -0.575218277   0.540170174
 6   2.762381058  -1.128540998  -0.149414923
 6   1.315924537  -0.749341498   1.918651574
 1   0.179058978   0.838101390  -0.321602066
 8   0.336892764  -0.195315706   2.402570358
 8   2.145852399  -1.586359551   2.604794099
 6   1.818647691  -1.803698753   3.985094209
 1   2.749608309  -2.072068740   4.495175687
 1   1.446713587  -0.887105702   4.457037168
 6   0.821970458  -2.940224553   4.113100783
 1   0.610894763  -3.154418380   5.164573468
 1   1.210544995  -3.847330201   3.638608561
 1  -0.119203221  -2.696282135   3.610375142
 6   3.858088776  -2.055249345   0.196498951
 1   4.503287787  -2.249739787  -0.666176415
 1   3.456580739  -3.014211400   0.538064481
 1   4.479964817  -1.634465693   0.992518516
ENDCART
ATOMLABELS
"*O1"
"*N1"
"*C3"
"*C4"
"*C5"
"C4"
"H7"
"O1"
"O2"
"C1"
"H2"
"H4"
"C2"
"H1"
"H3"
"H6"
"C3"
"H5"
"H8"
"H9"
ENDATOMLABELS
HESSIAN
    8    6    2    2    2    2   13    9    8    1   13   13
    1   13   13   13    1   13   13   13
    1    2    1
    1    5    1
    2    3    2
    3    4    1
    4    5    2
    6    4    1
    3    7    1
    6    8    2
    6    9    1
   10   11    1
   10   12    1
    9   10    1
   13   14    1
   13   15    1
   13   16    1
   10   13    1
   17   18    1
   17   19    1
   17   20    1
    5   17    1
ENDHESS
NOCONFORMER
BEGINPROPIN
C DOQSAR PRINTMO THERMO PRINTFREQ PRINTCHG
C QSAR NBO DIPOLE POP PROPPRINTLEV=2 PROPRERUN
 PRINTVIBCOORDS PROP:IGNORE_WARN
ENDPROPIN
BEGINPREFERENCES
 MM:CONF_SELECTION_RULE=2
ENDPREFERENCES
