C OPT B3LYP 6-31G* FREQ NMR POLAR CONVERGE
C SCFTOLERANCE=VERYHIGH GRADIENTTOLERANCE=0.000005
 DISTANCETOLERANCE=0.00002 BIGGRID
M0001
0 1
 1   0.881110955   0.379680834   5.140396907
 6   0.690621536   0.675095660   4.111933655
 6   0.199081437   1.417589306   1.442104539
 6   0.670282665  -0.290473125   3.102475300
 6   0.473323134   2.009252302   3.801238182
 6   0.231915713   2.375187758   2.479910370
 6   0.429822305   0.050242791   1.757532292
 1   0.853732625  -1.319872015   3.394926053
 1   0.491993480   2.765114537   4.581291120
 1   0.065109259   3.425455927   2.245476978
15   0.427888008  -1.240939244   0.448912281
 6  -0.072048458   1.915211444   0.068706430
 6  -0.593414570   2.994683373  -2.515496382
 6   1.003343585   2.279244622  -0.792074593
 6  -1.412346556   2.094381920  -0.382370777
 6  -1.641651987   2.635548347  -1.664094143
 6   0.716794680   2.814718896  -2.064918470
 1  -2.663602855   2.793736968  -2.000993107
 1   1.536684675   3.111196967  -2.715912764
 6   2.467165010   2.147489277  -0.365866788
 1   2.541080851   1.550118594   0.547488286
 6   3.323154300   1.413265963  -1.405810177
 1   3.465110263   2.000943298  -2.318626594
 1   2.866889610   0.458582226  -1.688522800
 1   4.318185769   1.202604622  -0.998251995
 6   3.063908404   3.522203388  -0.050654963
 1   3.087150330   4.168934749  -0.934687749
 1   4.091074420   3.421560928   0.316255689
 1   2.481445316   4.036045293   0.721928788
 6  -0.847016370   3.577902026  -3.894125799
 1   0.120577266   3.764589093  -4.378753826
 6  -1.573418088   4.922657456  -3.809960784
 1  -1.019116459   5.628176796  -3.180965389
 1  -2.579485746   4.819769294  -3.388949705
 1  -1.673941780   5.368590849  -4.805414739
 6  -1.612008415   2.598835595  -4.788538407
 1  -2.621475407   2.401226788  -4.411874150
 1  -1.087351901   1.639276539  -4.856632867
 1  -1.709221549   3.000432442  -5.803029302
 6  -2.619142087   1.759698842   0.497126956
 1  -2.300914899   1.155082641   1.351865981
 6  -3.673870643   0.916081623  -0.231382445
 1  -4.427632503   0.555701552   0.477488916
 1  -3.219525738   0.043619636  -0.710948813
 1  -4.202010251   1.485468814  -1.003248924
 6  -3.252989594   3.038114007   1.053855286
 1  -2.521761982   3.632053893   1.612314729
 1  -4.076176800   2.795338433   1.734479076
 1  -3.655152544   3.672808020   0.256359523
 6  -1.198439453  -2.084913141   0.741532637
 6  -3.106000661  -3.325460308  -0.387625488
 6  -2.648933473  -3.684712926   2.062986128
 6  -3.146841860  -4.317769001   0.768591803
 6  -1.250246291  -3.088442055   1.898323819
 6  -1.713522811  -2.720874039  -0.563885686
 1  -3.831848319  -2.523288127  -0.206229012
 1  -3.345996598  -2.898677640   2.378823174
 1  -2.526569357  -5.189121861   0.525113985
 1  -0.545144577  -3.910946607   1.736041634
 1  -1.032383999  -3.505324298  -0.912212107
 1  -1.902187999  -1.278751311   0.985647025
 1  -3.409601989  -3.825800756  -1.314119864
 1  -2.635559568  -4.437667476   2.859184850
 1  -4.170999706  -4.682284676   0.906108013
 1  -0.968342710  -2.613902192   2.842950973
 1  -1.755974923  -1.971840308  -1.365107896
 6   1.751083794  -2.447823859   0.936312442
 6   2.946067684  -4.602709351   0.301012770
 6   4.247495937  -2.723386920   1.349413990
 6   4.296076742  -3.902657704   0.386568235
 6   3.127374568  -1.750048822   0.986710777
 6   1.822155122  -3.628283342  -0.051320889
 1   2.721804719  -5.084174619   1.260925423
 1   4.096807919  -3.089051102   2.372552395
 1   4.588634859  -3.549565034  -0.609946949
 1   3.357651359  -1.295151930   0.014738034
 1   1.974441476  -3.261594889  -1.075399045
 1   1.537850874  -2.850724199   1.932035546
 1   2.991606362  -5.398366096  -0.451254384
 1   5.209376871  -2.198414420   1.336065561
 1   5.062842097  -4.614840407   0.711352356
 1   3.131640999  -0.935361735   1.719474149
 1   0.883514496  -4.190298797  -0.057325282
ENDCART
ATOMLABELS
"*H3"
"*C3"
"*C6"
"*C2"
"*C4"
"*C5"
"*C1"
"H2"
"*H4"
"H5"
"*P1"
"*C7"
"*C10"
"*C8"
"*C12"
"*C11"
"*C9"
"*H11"
"*H9"
"*C13"
"H28"
"C24"
"H4"
"H30"
"H31"
"C25"
"H29"
"H32"
"H33"
"*C14"
"H35"
"C27"
"H27"
"H36"
"H37"
"C28"
"H34"
"H38"
"H39"
"*C15"
"H41"
"C30"
"H24"
"H42"
"H43"
"C31"
"H40"
"H44"
"H45"
"*C16"
"C3"
"C5"
"C4"
"C6"
"C2"
"H6"
"H10"
"H7"
"H11"
"H3"
"H1"
"H8"
"H9"
"H12"
"H13"
"H14"
"*C17"
"C8"
"C9"
"C10"
"C11"
"C12"
"H15"
"H16"
"H17"
"H18"
"H19"
"H20"
"H21"
"H22"
"H23"
"H25"
"H26"
ENDATOMLABELS
HESSIAN
   13    3    3    3    3    3    3   13   13   13   12    3
    3    3    3    3    3   13   13    1   13    1   13   13
   13    1   13   13   13    1   13    1   13   13   13    1
   13   13   13    1   13    1   13   13   13    1   13   13
   13    1    1    1    1    1    1   13   13   13   13   13
   13   13   13   13   13   13    1    1    1    1    1    1
   13   13   13   13   13   13   13   13   13   13   13
    1    2    1
    2    5    5
    5    6    5
    3    6    5
    3    7    5
    4    7    5
    2    4    5
    6   10    1
    4    8    1
    5    9    1
    7   11    1
   12   15    5
   15   16    5
   13   16    5
   13   17    5
   14   17    5
   12   14    5
   16   18    1
   17   19    1
    3   12    1
   20   21    1
   14   20    1
   22   23    1
   22   24    1
   22   25    1
   20   22    1
   26   27    1
   26   28    1
   26   29    1
   20   26    1
   30   31    1
   13   30    1
   32   33    1
   32   34    1
   32   35    1
   30   32    1
   36   37    1
   36   38    1
   36   39    1
   30   36    1
   40   41    1
   15   40    1
   42   43    1
   42   44    1
   42   45    1
   40   42    1
   46   47    1
   46   48    1
   46   49    1
   40   46    1
   50   61    1
   50   54    1
   50   55    1
   51   56    1
   51   62    1
   51   53    1
   51   55    1
   52   57    1
   52   63    1
   52   54    1
   52   53    1
   53   58    1
   53   64    1
   54   59    1
   54   65    1
   55   60    1
   55   66    1
   11   50    1
   67   78    1
   67   71    1
   67   72    1
   68   73    1
   68   79    1
   68   70    1
   68   72    1
   69   74    1
   69   80    1
   69   71    1
   69   70    1
   70   75    1
   70   81    1
   71   76    1
   71   82    1
   72   77    1
   72   83    1
   11   67    1
ENDHESS
BEGINPROPIN
C DOQSAR PRINTMO THERMO PRINTFREQ PRINTCHG
C NBO POP PROPPRINTLEV=2 PROPRERUN PRINTVIBCOORDS
 PROP:IGNORE_WARN
ENDPROPIN
BEGINPREFERENCES
 MM:CONF_SELECTION_RULE=2
ENDPREFERENCES
