External AB INITIO PROGRAM: converted archive file
Jobname.Temp
  11 112  37  89   0   1  34   0 RB3LYP   6-31G(d)<Kr     NOOPTOPT FREQ        
GEOMETRY
  6     1.1273568    -0.0265702     0.0000000
  6     6.2553787    -0.1112348     0.0000000
  7     2.2443833    -2.2547468     0.0000000
  6     2.3958801     2.2929985    -0.0000000
  6     5.0274750     2.2243101    -0.0000000
  6     4.7811201    -2.2915780     0.0000000
  1     1.3665547     4.0632193    -0.0000000
  1     6.1000712     3.9754584    -0.0000000
  1     5.6473083    -4.1560466     0.0000000
  1     8.3024971    -0.2410352     0.0000000
 53    -2.9179317    -0.0072815     0.0000000
BASIS
   0   6   1   1   0
   1   3   7   1   0
   1   1  10   1   0
   2   1  11   1   0
   0   6  12   2   0
   1   3  18   2   0
   1   1  21   2   0
   2   1  22   2   0
   0   6  23   3   0
   1   3  29   3   0
   1   1  32   3   0
   2   1  33   3   0
   0   6  34   4   0
   1   3  40   4   0
   1   1  43   4   0
   2   1  44   4   0
   0   6  45   5   0
   1   3  51   5   0
   1   1  54   5   0
   2   1  55   5   0
   0   6  56   6   0
   1   3  62   6   0
   1   1  65   6   0
   2   1  66   6   0
   0   3  67   7   0
   0   1  70   7   0
   0   3  71   8   0
   0   1  74   8   0
   0   3  75   9   0
   0   1  78   9   0
   0   3  79  10   0
   0   1  82  10   0
   0   2  83  11   0
   0   1  85  11   0
   1   2  86  11   1
   1   1  88  11   1
   2   1  89  11   0
  3.0475249000D+003
  5.3633438234D-001  0.0000000000D+000  0.0000000000D+000  0.0000000000D+000
  4.5736951000D+002
  9.8945060758D-001  0.0000000000D+000  0.0000000000D+000  0.0000000000D+000
  1.0394869000D+002
  1.5972822308D+000  0.0000000000D+000  0.0000000000D+000  0.0000000000D+000
  2.9210155000D+001
  2.0791870615D+000  0.0000000000D+000  0.0000000000D+000  0.0000000000D+000
  9.2866630000D+000
  1.7741742532D+000  0.0000000000D+000  0.0000000000D+000  0.0000000000D+000
  3.1639270000D+000
  6.1257982601D-001  0.0000000000D+000  0.0000000000D+000  0.0000000000D+000
  7.8682724000D+000
 -3.9955635160D-001  1.2960827175D+000  0.0000000000D+000  0.0000000000D+000
  1.8812885000D+000
 -1.8415523929D-001  9.9375362822D-001  0.0000000000D+000  0.0000000000D+000
  5.4424930000D-001
  5.1639037938D-001  4.9595271376D-001  0.0000000000D+000  0.0000000000D+000
  1.6871440000D-001
  1.8761787212D-001  1.5412755095D-001  0.0000000000D+000  0.0000000000D+000
  8.0000000000D-001
  0.0000000000D+000  0.0000000000D+000  1.1138249281D+000  0.0000000000D+000
  3.0475249000D+003
  5.3633438234D-001  0.0000000000D+000  0.0000000000D+000  0.0000000000D+000
  4.5736951000D+002
  9.8945060758D-001  0.0000000000D+000  0.0000000000D+000  0.0000000000D+000
  1.0394869000D+002
  1.5972822308D+000  0.0000000000D+000  0.0000000000D+000  0.0000000000D+000
  2.9210155000D+001
  2.0791870615D+000  0.0000000000D+000  0.0000000000D+000  0.0000000000D+000
  9.2866630000D+000
  1.7741742532D+000  0.0000000000D+000  0.0000000000D+000  0.0000000000D+000
  3.1639270000D+000
  6.1257982601D-001  0.0000000000D+000  0.0000000000D+000  0.0000000000D+000
  7.8682724000D+000
 -3.9955635160D-001  1.2960827175D+000  0.0000000000D+000  0.0000000000D+000
  1.8812885000D+000
 -1.8415523929D-001  9.9375362822D-001  0.0000000000D+000  0.0000000000D+000
  5.4424930000D-001
  5.1639037938D-001  4.9595271376D-001  0.0000000000D+000  0.0000000000D+000
  1.6871440000D-001
  1.8761787212D-001  1.5412755095D-001  0.0000000000D+000  0.0000000000D+000
  8.0000000000D-001
  0.0000000000D+000  0.0000000000D+000  1.1138249281D+000  0.0000000000D+000
  4.1735110000D+003
  6.7900795717D-001  0.0000000000D+000  0.0000000000D+000  0.0000000000D+000
  6.2745790000D+002
  1.2504643275D+000  0.0000000000D+000  0.0000000000D+000  0.0000000000D+000
  1.4290210000D+002
  2.0203691378D+000  0.0000000000D+000  0.0000000000D+000  0.0000000000D+000
  4.0234330000D+001
  2.6442129843D+000  0.0000000000D+000  0.0000000000D+000  0.0000000000D+000
  1.2820210000D+001
  2.2650039968D+000  0.0000000000D+000  0.0000000000D+000  0.0000000000D+000
  4.3904370000D+000
  7.7918723086D-001  0.0000000000D+000  0.0000000000D+000  0.0000000000D+000
  1.1626358000D+001
 -5.1587381029D-001  2.0680595460D+000  0.0000000000D+000  0.0000000000D+000
  2.7162800000D+000
 -2.5502391857D-001  1.6100106206D+000  0.0000000000D+000  0.0000000000D+000
  7.7221800000D-001
  6.7273441626D-001  7.6448998766D-001  0.0000000000D+000  0.0000000000D+000
  2.1203130000D-001
  2.2269479901D-001  2.0508790938D-001  0.0000000000D+000  0.0000000000D+000
  8.0000000000D-001
  0.0000000000D+000  0.0000000000D+000  1.1138249281D+000  0.0000000000D+000
  3.0475249000D+003
  5.3633438234D-001  0.0000000000D+000  0.0000000000D+000  0.0000000000D+000
  4.5736951000D+002
  9.8945060758D-001  0.0000000000D+000  0.0000000000D+000  0.0000000000D+000
  1.0394869000D+002
  1.5972822308D+000  0.0000000000D+000  0.0000000000D+000  0.0000000000D+000
  2.9210155000D+001
  2.0791870615D+000  0.0000000000D+000  0.0000000000D+000  0.0000000000D+000
  9.2866630000D+000
  1.7741742532D+000  0.0000000000D+000  0.0000000000D+000  0.0000000000D+000
  3.1639270000D+000
  6.1257982601D-001  0.0000000000D+000  0.0000000000D+000  0.0000000000D+000
  7.8682724000D+000
 -3.9955635160D-001  1.2960827175D+000  0.0000000000D+000  0.0000000000D+000
  1.8812885000D+000
 -1.8415523929D-001  9.9375362822D-001  0.0000000000D+000  0.0000000000D+000
  5.4424930000D-001
  5.1639037938D-001  4.9595271376D-001  0.0000000000D+000  0.0000000000D+000
  1.6871440000D-001
  1.8761787212D-001  1.5412755095D-001  0.0000000000D+000  0.0000000000D+000
  8.0000000000D-001
  0.0000000000D+000  0.0000000000D+000  1.1138249281D+000  0.0000000000D+000
  3.0475249000D+003
  5.3633438234D-001  0.0000000000D+000  0.0000000000D+000  0.0000000000D+000
  4.5736951000D+002
  9.8945060758D-001  0.0000000000D+000  0.0000000000D+000  0.0000000000D+000
  1.0394869000D+002
  1.5972822308D+000  0.0000000000D+000  0.0000000000D+000  0.0000000000D+000
  2.9210155000D+001
  2.0791870615D+000  0.0000000000D+000  0.0000000000D+000  0.0000000000D+000
  9.2866630000D+000
  1.7741742532D+000  0.0000000000D+000  0.0000000000D+000  0.0000000000D+000
  3.1639270000D+000
  6.1257982601D-001  0.0000000000D+000  0.0000000000D+000  0.0000000000D+000
  7.8682724000D+000
 -3.9955635160D-001  1.2960827175D+000  0.0000000000D+000  0.0000000000D+000
  1.8812885000D+000
 -1.8415523929D-001  9.9375362822D-001  0.0000000000D+000  0.0000000000D+000
  5.4424930000D-001
  5.1639037938D-001  4.9595271376D-001  0.0000000000D+000  0.0000000000D+000
  1.6871440000D-001
  1.8761787212D-001  1.5412755095D-001  0.0000000000D+000  0.0000000000D+000
  8.0000000000D-001
  0.0000000000D+000  0.0000000000D+000  1.1138249281D+000  0.0000000000D+000
  3.0475249000D+003
  5.3633438234D-001  0.0000000000D+000  0.0000000000D+000  0.0000000000D+000
  4.5736951000D+002
  9.8945060758D-001  0.0000000000D+000  0.0000000000D+000  0.0000000000D+000
  1.0394869000D+002
  1.5972822308D+000  0.0000000000D+000  0.0000000000D+000  0.0000000000D+000
  2.9210155000D+001
  2.0791870615D+000  0.0000000000D+000  0.0000000000D+000  0.0000000000D+000
  9.2866630000D+000
  1.7741742532D+000  0.0000000000D+000  0.0000000000D+000  0.0000000000D+000
  3.1639270000D+000
  6.1257982601D-001  0.0000000000D+000  0.0000000000D+000  0.0000000000D+000
  7.8682724000D+000
 -3.9955635160D-001  1.2960827175D+000  0.0000000000D+000  0.0000000000D+000
  1.8812885000D+000
 -1.8415523929D-001  9.9375362822D-001  0.0000000000D+000  0.0000000000D+000
  5.4424930000D-001
  5.1639037938D-001  4.9595271376D-001  0.0000000000D+000  0.0000000000D+000
  1.6871440000D-001
  1.8761787212D-001  1.5412755095D-001  0.0000000000D+000  0.0000000000D+000
  8.0000000000D-001
  0.0000000000D+000  0.0000000000D+000  1.1138249281D+000  0.0000000000D+000
  1.8731137000D+001
  2.1493541833D-001  0.0000000000D+000  0.0000000000D+000  0.0000000000D+000
  2.8253937000D+000
  3.6457112721D-001  0.0000000000D+000  0.0000000000D+000  0.0000000000D+000
  6.4012170000D-001
  4.1505142766D-001  0.0000000000D+000  0.0000000000D+000  0.0000000000D+000
  1.6127780000D-001
  1.8138068393D-001  0.0000000000D+000  0.0000000000D+000  0.0000000000D+000
  1.8731137000D+001
  2.1493541833D-001  0.0000000000D+000  0.0000000000D+000  0.0000000000D+000
  2.8253937000D+000
  3.6457112721D-001  0.0000000000D+000  0.0000000000D+000  0.0000000000D+000
  6.4012170000D-001
  4.1505142766D-001  0.0000000000D+000  0.0000000000D+000  0.0000000000D+000
  1.6127780000D-001
  1.8138068393D-001  0.0000000000D+000  0.0000000000D+000  0.0000000000D+000
  1.8731137000D+001
  2.1493541833D-001  0.0000000000D+000  0.0000000000D+000  0.0000000000D+000
  2.8253937000D+000
  3.6457112721D-001  0.0000000000D+000  0.0000000000D+000  0.0000000000D+000
  6.4012170000D-001
  4.1505142766D-001  0.0000000000D+000  0.0000000000D+000  0.0000000000D+000
  1.6127780000D-001
  1.8138068393D-001  0.0000000000D+000  0.0000000000D+000  0.0000000000D+000
  1.8731137000D+001
  2.1493541833D-001  0.0000000000D+000  0.0000000000D+000  0.0000000000D+000
  2.8253937000D+000
  3.6457112721D-001  0.0000000000D+000  0.0000000000D+000  0.0000000000D+000
  6.4012170000D-001
  4.1505142766D-001  0.0000000000D+000  0.0000000000D+000  0.0000000000D+000
  1.6127780000D-001
  1.8138068393D-001  0.0000000000D+000  0.0000000000D+000  0.0000000000D+000
  7.2420000000D-001
 -1.6634670151D+000  0.0000000000D+000  0.0000000000D+000  0.0000000000D+000
  4.6530000000D-001
  1.3984081897D+000  0.0000000000D+000  0.0000000000D+000  0.0000000000D+000
  1.3360000000D-001
  1.5749433457D-001  0.0000000000D+000  0.0000000000D+000  0.0000000000D+000
  1.2900000000D+000
  0.0000000000D+000 -4.1003146398D-001  0.0000000000D+000  0.0000000000D+000
  3.1800000000D-001
  0.0000000000D+000  3.7562976821D-001  0.0000000000D+000  0.0000000000D+000
  1.0530000000D-001
  0.0000000000D+000  8.5501857921D-002  0.0000000000D+000  0.0000000000D+000
  2.9400000000D-001
  0.0000000000D+000  0.0000000000D+000  1.9320452087D-001  0.0000000000D+000
ENERGY
 -2.5906897891D+002   0.0000000000D+00
WAVEFUNC   6-31G(d)<Kr   QCHEM 
 -1.4349419942D+001 -1.0275141564D+001 -1.0241107482D+001 -1.0225981520D+001
 -1.0219615186D+001 -1.0214406737D+001 -9.6445253916D-001 -8.2071839218D-001
 -7.8408855881D-001 -6.8633482082D-001 -6.4938667414D-001 -6.1788432279D-001
 -5.3069359407D-001 -4.9857389620D-001 -4.7462289585D-001 -4.3062067300D-001
 -4.1914603342D-001 -4.1301375282D-001 -3.6032497552D-001 -3.0831412423D-001
 -2.9415544889D-001 -2.7250254949D-001 -2.5885652279D-001 -2.4645182718D-001
 -3.8319412006D-002 -3.1776865996D-002 -2.7634359456D-002  9.1071119510D-002
  1.2805953295D-001  1.3326437007D-001  1.5843402632D-001  1.6462855621D-001
  2.1939223124D-001  2.6394976179D-001                                      
  4.0832303994D-005  3.7030728950D-004  6.1858796036D-005 -1.3431516604D-004
  0.0000000000D+000  1.5128813536D-004  5.8244024183D-005  8.3539662267D-004
  0.0000000000D+000 -8.6502038937D-005 -2.6030196152D-004 -3.0894431326D-005
  2.2079702319D-004  0.0000000000D+000  0.0000000000D+000  3.8462792534D-006
  6.2791546491D-005  5.0436472006D-005  2.0139333891D-005  0.0000000000D+000
 -8.3015465608D-004  2.8084207096D-004  3.2095421994D-004  0.0000000000D+000
 -6.6626751151D-005  1.3685716514D-006 -9.2345010463D-006 -5.0513054304D-005
  0.0000000000D+000  0.0000000000D+000  9.9272717147D-001  3.4683810426D-002
  7.1342766176D-004  1.3430802607D-003  0.0000000000D+000  3.9751460676D-003
 -3.7126499546D-004 -5.1568456393D-004  0.0000000000D+000 -8.0023138004D-003
 -8.0195973064D-003 -8.2207560595D-003 -1.3461637979D-004  0.0000000000D+000
  0.0000000000D+000  2.3975338060D-006  5.1921727393D-005 -1.2043243032D-005
  4.8717793619D-005  0.0000000000D+000 -7.1505125824D-004  2.2596397220D-004
  3.2924026182D-004  0.0000000000D+000  2.9868088200D-005 -8.5473562605D-005
 -1.2806237903D-005  9.0434519022D-006  0.0000000000D+000  0.0000000000D+000
 -5.7542046846D-006 -7.8259719788D-006  1.9130350336D-005  2.1698296320D-005
  0.0000000000D+000  8.1870823820D-005 -1.3719733431D-004 -2.6025050071D-004
  0.0000000000D+000 -2.7028085345D-005 -1.7896735599D-005 -1.2816591195D-005
  8.9699764355D-006  0.0000000000D+000  0.0000000000D+000  3.4640904228D-005
  3.4130332969D-004 -2.0623751091D-004 -1.0898370505D-005  0.0000000000D+000
  2.0904817409D-004  5.7322803410D-004  6.2122803695D-004  0.0000000000D+000
 -2.5194615977D-004  2.5279938885D-005 -2.8625404768D-005  5.7895968053D-005
  0.0000000000D+000  0.0000000000D+000  3.0660220628D-005 -2.8852688345D-005
  2.7729109194D-005  1.0119958190D-004  2.1039928402D-005  5.1702341447D-005
  2.3214453364D-005 -4.9984985823D-005  5.5627960881D-005 -1.2875054173D-005
  3.6393950008D-005 -7.4535176812D-005  0.0000000000D+000 -1.3068928693D-004
  7.8759704585D-005  0.0000000000D+000 -8.1738213437D-005 -3.6844221380D-005
 -8.6706903886D-006  7.8449540767D-006  0.0000000000D+000  0.0000000000D+000
  9.9283918733D-001  4.8828865087D-002 -7.5391447592D-005 -4.3042005614D-004
  0.0000000000D+000 -1.0747723001D-002  6.3144889511D-004 -3.9000193747D-003
  0.0000000000D+000 -9.4157092753D-003 -8.6530665233D-003 -9.4712960775D-003
 -2.5396661731D-004  0.0000000000D+000  0.0000000000D+000 -1.2056965242D-005
  1.2572892973D-004  1.7392181967D-005  6.2274905243D-005  0.0000000000D+000
 -2.3000890030D-003  1.6726761433D-003  8.4188354025D-004  0.0000000000D+000
 -1.0868950262D-005 -1.8706822758D-005  3.2825003588D-005 -4.8084213147D-005
  0.0000000000D+000  0.0000000000D+000 -1.4153909116D-004  2.0756348564D-004
  5.5143325090D-005 -1.9175068787D-004  0.0000000000D+000 -2.2901751250D-003
  5.5593568498D-004 -1.7784068522D-003  0.0000000000D+000 -2.0984992578D-004
 -3.3226071228D-004  2.2282080639D-004  2.3817906419D-004  0.0000000000D+000
  0.0000000000D+000  4.6170742517D-003 -1.6949548317D-004  1.8953991581D-004
  2.4422368454D-004  0.0000000000D+000  4.0159309418D-003 -3.2361760903D-003
 -1.5973236531D-003  0.0000000000D+000 -3.7312609270D-004 -2.6717993799D-004
 -1.7961089821D-004 -8.3481921041D-005  0.0000000000D+000  0.0000000000D+000
 -1.4650069816D-006 -1.8697431451D-004  1.4877326493D-005 -4.9007145413D-005
  0.0000000000D+000  2.0405572013D-003 -1.4365232453D-003 -9.6273079543D-005
  0.0000000000D+000  1.4561855399D-004  2.5071397139D-005 -3.8113174920D-005
  1.5420950126D-005  0.0000000000D+000  0.0000000000D+000 -1.3148518494D-004
 -3.3886819897D-004 -5.9038147318D-005 -8.3066865499D-005  0.0000000000D+000
  2.3385552491D-003 -1.5357866204D-004  2.7056613287D-003  0.0000000000D+000
  1.4704016509D-004  3.7878078249D-005 -1.0858021875D-004 -1.7657133969D-005
  0.0000000000D+000  0.0000000000D+000 -2.0231667576D-004 -5.6458617002D-004
 -2.1511328187D-005  2.6451211643D-004  1.4453660739D-004  8.9744518979D-004
 -6.0832396990D-005 -4.4110921513D-004 -1.3114133466D-004  1.0859881617D-003
  3.2824565136D-004  1.4165535995D-004  0.0000000000D+000  1.0714471973D-003
  1.2412629657D-004  0.0000000000D+000  4.5749325363D-004 -4.0175987608D-005
  1.0952044700D-004  2.4496792365D-004  0.0000000000D+000  0.0000000000D+000
  2.9762320274D-005 -4.0336249644D-004 -1.3453153181D-004 -5.4782260783D-005
  0.0000000000D+000  2.9294247523D-003  2.9194403306D-003  9.9713334813D-004
  0.0000000000D+000  1.0997687692D-004  1.2057621488D-004 -1.2924137125D-004
 -5.8930526976D-005  0.0000000000D+000  0.0000000000D+000  1.0340345616D-002
  2.1589576266D-004  1.8575997091D-004  2.7905640699D-004  0.0000000000D+000
  3.2385069285D-003 -2.3012173350D-004 -2.5540814344D-003  0.0000000000D+000
 -3.3009999176D-004 -5.1315065918D-004 -1.9419096085D-004 -5.4132497281D-005
  0.0000000000D+000  0.0000000000D+000 -1.3731275717D-004  1.5697736744D-004
 -1.5907090424D-004 -6.6086095246D-005  0.0000000000D+000 -1.0130381182D-003
 -1.4810201345D-003 -2.8969347241D-004  0.0000000000D+000 -5.7558347242D-004
 -1.3280278808D-004  1.9604978395D-004  4.2330071464D-005  0.0000000000D+000
  0.0000000000D+000 -5.7370476467D-005  1.5859353098D-004  4.4919362223D-005
  5.8080343402D-005  0.0000000000D+000 -3.0035806301D-003 -4.6676003016D-004
  2.1473646358D-003  0.0000000000D+000  1.2315155586D-005 -6.3107925386D-005
  3.6949715332D-005 -2.0852226919D-005  0.0000000000D+000  0.0000000000D+000
  6.9603046582D-005 -2.4342197600D-004 -4.7654908305D-005  2.8804939739D-005
  0.0000000000D+000  2.1359062653D-003 -1.2310050792D-004 -1.4157725620D-003
  0.0000000000D+000  3.7764498515D-005  1.2390033712D-004 -6.5453688432D-005
 -2.9860401725D-005  0.0000000000D+000  0.0000000000D+000  9.9271110974D-001
  4.9081069306D-002 -6.6314585658D-004  2.5756930801D-004  0.0000000000D+000
 -1.0850174496D-002 -1.7874508179D-003 -1.6188203164D-003  0.0000000000D+000
 -8.8342931702D-003 -9.2866774138D-003 -9.6586101938D-003  8.1735031737D-005
  0.0000000000D+000  0.0000000000D+000 -6.4623080818D-005 -6.1499423582D-004
  1.6958790031D-005  4.2162388903D-004 -3.8901835953D-004  1.7175746690D-003
 -1.3935128318D-004 -2.5257624956D-004 -4.6078382844D-005  4.4231154246D-004
  3.6488694347D-004 -8.6758397365D-005  0.0000000000D+000  2.9756203993D-004
  6.7076767828D-005  0.0000000000D+000  3.6863360777D-004  1.0792642740D-005
  3.8465718963D-005 -1.9490070663D-005  0.0000000000D+000  0.0000000000D+000
 -2.3606102045D-004 -1.0059997375D-004 -6.3996487828D-005 -3.4152431190D-005
  0.0000000000D+000 -1.7001835403D-003 -5.7871278097D-004 -4.9871183163D-004
  0.0000000000D+000  4.7865368406D-005  4.5407853190D-005 -2.5582072360D-005
  4.9824505256D-006  0.0000000000D+000  0.0000000000D+000  2.3234241763D-002
  6.0642496593D-004  2.1587033126D-004 -2.5429349025D-004  0.0000000000D+000
  6.6546786581D-003 -2.9465261134D-003  1.7459106265D-003  0.0000000000D+000
 -4.5718194164D-004 -6.6018822445D-004 -4.1342561586D-004  6.9936433038D-005
  0.0000000000D+000  0.0000000000D+000 -2.8213793138D-005 -1.2086187151D-004
 -1.5318228957D-005 -1.8170367209D-005  0.0000000000D+000  1.1283733106D-003
  4.2890408775D-004  2.3678185112D-004  0.0000000000D+000 -4.0380961410D-005
 -6.0839388261D-005 -6.7173357374D-005  7.7910933836D-006  0.0000000000D+000
  0.0000000000D+000  4.3533214469D-002  1.6037912511D-003 -3.2985931929D-004
  6.1025182853D-005  0.0000000000D+000  6.6422054866D-003  2.5745870296D-003
 -1.9033090380D-003  0.0000000000D+000 -8.5644432554D-004 -6.4037155408D-004
 -6.1516644544D-004 -4.3574140892D-005  0.0000000000D+000  0.0000000000D+000
  9.9155043555D-001  4.9563967060D-002 -1.5621766676D-004 -2.2734776172D-004
  0.0000000000D+000 -1.7341599650D-002  1.9709053952D-003  3.3406757947D-003
  0.0000000000D+000 -9.1696670726D-003 -9.2320167196D-003 -9.5439647947D-003
 -7.2934877885D-005  0.0000000000D+000  0.0000000000D+000 -3.5433165248D-004
 -1.1749492010D-004 -1.1524271171D-005 -7.2639263924D-005  0.0000000000D+000
 -1.8197707083D-003  4.3075793252D-004 -6.8661789176D-004  0.0000000000D+000
  1.5756354896D-005  7.0667864752D-005 -2.9039390789D-005  7.3737931259D-006
  0.0000000000D+000  0.0000000000D+000 -1.7741654617D-005  5.6445826744D-004
 -4.4852113601D-004  1.1105085270D-003 -1.4377833918D-005 -5.2969017319D-006
  7.4018898483D-007  6.1390753272D-004 -5.6529115117D-005 -3.2746077112D-005
  1.4893555812D-006  1.0502646498D-005  0.0000000000D+000  9.4600818886D-005
  8.6963296549D-005  0.0000000000D+000  1.1012462799D-004  5.5398563828D-005
  2.9379697245D-005  8.5772954904D-005  0.0000000000D+000  0.0000000000D+000
 -4.9882879133D-003 -7.1565150933D-004 -1.8776660783D-004 -3.1380051839D-004
  0.0000000000D+000  8.4485518673D-003  3.4913885138D-003  1.8692003055D-003
  0.0000000000D+000 -1.6662110256D-004 -3.8510042376D-004 -1.1110179983D-004
 -8.0079813571D-005  0.0000000000D+000  0.0000000000D+000 -2.2320077335D-003
  3.1777962215D-005  3.8905103590D-007 -4.0800271233D-005  0.0000000000D+000
 -4.1596731455D-003  2.4482595124D-003 -2.4910015594D-004  0.0000000000D+000
  1.0032254534D-004  9.5548513902D-005  7.8115360686D-005 -4.9001216416D-005
  0.0000000000D+000  0.0000000000D+000  8.9723914545D-005  2.9884330296D-004
  2.0684853156D-005  3.1328489346D-005  0.0000000000D+000 -3.6815681814D-003
 -8.4189052302D-004 -1.2481258272D-003  0.0000000000D+000  1.9283249418D-004
  2.2264550577D-004  1.6201805476D-004 -4.2448042569D-005  0.0000000000D+000
  0.0000000000D+000  9.9184650320D-001  4.9893185396D-002  1.5551003908D-004
 -3.8447730533D-004  0.0000000000D+000 -1.9593490978D-002 -2.6182712318D-003
  4.6596771819D-003  0.0000000000D+000 -9.1582544476D-003 -9.2386781285D-003
 -9.5089187587D-003  5.2430713609D-005  0.0000000000D+000  0.0000000000D+000
 -4.3950503917D-002 -2.8135322406D-003  3.3745317224D-004  6.5265368794D-005
  0.0000000000D+000  9.5627197382D-003 -3.4799518516D-003 -2.8014320453D-003
  0.0000000000D+000 -3.8833417739D-005  1.7379330622D-004  2.2401342591D-004
  5.2187247974D-005  0.0000000000D+000  0.0000000000D+000  1.0491955652D-004
 -7.3437834807D-005 -3.0736487959D-005  6.2575711694D-006  0.0000000000D+000
  2.8230935427D-003 -6.5701576143D-004  1.4777702751D-003  0.0000000000D+000
  3.1010336776D-005  3.7768400203D-005 -3.6236118132D-005  1.5479200896D-005
  0.0000000000D+000  0.0000000000D+000 -4.8097953967D-004  6.9634161574D-004
  5.5223555903D-005  7.1744545628D-004  3.0832812904D-005  3.5798580941D-004
 -7.3677846384D-005 -4.9359750536D-004 -4.7401420819D-005  2.8735455286D-004
  6.3738765499D-005 -6.5052996900D-005  0.0000000000D+000  2.5181788196D-004
 -4.6792078758D-005  0.0000000000D+000  1.3013072129D-004  3.7187605752D-005
 -1.2947849865D-005 -7.2511178525D-005  0.0000000000D+000  0.0000000000D+000
  1.8930161923D-005 -9.0387189106D-005  8.2348641393D-006 -3.2479722583D-005
  0.0000000000D+000  2.9746870383D-003  1.5628024456D-003  2.5708436191D-004
  0.0000000000D+000  3.7528209723D-005  3.8520860587D-005 -3.4598524769D-005
  1.6615290330D-005  0.0000000000D+000  0.0000000000D+000  9.9247682756D-001
  4.9912083755D-002 -3.2219214506D-004  5.8405635643D-005  0.0000000000D+000
 -1.9225789662D-002  5.0865167051D-003 -5.1070444844D-004  0.0000000000D+000
 -9.2900633716D-003 -9.1461634931D-003 -9.5354512288D-003 -4.7636095939D-006
  0.0000000000D+000  0.0000000000D+000  9.7357924112D-005  3.2881374774D-004
  2.7825537864D-005  2.8829381937D-005  0.0000000000D+000 -3.9725004774D-003
 -1.0393772182D-003 -1.1855412390D-003  0.0000000000D+000  2.3666597142D-004
  1.8601272306D-004  1.8217737310D-004 -5.2141653350D-006  0.0000000000D+000
  0.0000000000D+000  1.2847617398D-003  1.9549806503D-004 -3.5799289140D-005
 -1.2752144062D-005  0.0000000000D+000 -4.0528012286D-003 -1.1553957302D-003
  2.1148696541D-003  0.0000000000D+000  9.5939153357D-005  2.3565742058D-005
  3.8765153553D-005 -3.0172171000D-005  0.0000000000D+000  0.0000000000D+000
 -2.3764547951D-002 -1.7904360269D-003 -1.0489368411D-004  3.3345725431D-004
  0.0000000000D+000  9.1688100451D-003 -7.6999007779D-004 -4.2978600401D-003
  0.0000000000D+000 -1.0299629235D-004 -1.5854041067D-004  2.9211666895D-005
  1.4226464578D-004  0.0000000000D+000  0.0000000000D+000 -1.0708423376D-002
 -1.0364654386D-003 -1.8822422249D-004 -2.8131268433D-004  0.0000000000D+000
  8.2808165890D-003 -4.1505411630D-004  3.8437869994D-003  0.0000000000D+000
 -1.9041228189D-004 -1.8596583004D-004 -6.1214448322D-005 -1.3428734628D-004
  0.0000000000D+000  0.0000000000D+000 -7.4451044728D-005 -4.8733238023D-004
  3.5533905831D-005  7.1972573567D-004  1.0454206420D-005  6.2888025649D-004
 -4.9063818636D-004  7.8687342335D-004  6.2385568471D-006  1.6189521404D-004
  1.0988994135D-004 -1.6631549968D-005  0.0000000000D+000  5.1178613811D-005
 -1.3592767079D-006  0.0000000000D+000  5.9217143859D-005 -8.3704827568D-006
 -3.9236687056D-006 -1.9593823143D-005  0.0000000000D+000  0.0000000000D+000
 -1.0431600839D-001  2.0536443532D-001  7.9693388894D-002 -8.4047967965D-002
  0.0000000000D+000  5.3333728334D-002 -2.9681249581D-002  3.4366607002D-002
  0.0000000000D+000 -5.3723315025D-005  7.7168145939D-003 -1.3951441378D-002
 -9.9420113744D-003  0.0000000000D+000  0.0000000000D+000 -4.4567129049D-002
  8.0841372308D-002 -4.1130675203D-002 -1.3459796519D-002  0.0000000000D+000
  7.4829153945D-002 -3.4724214878D-002  6.1652574125D-003  0.0000000000D+000
  2.9131638824D-003  1.9902379322D-003 -5.8798972921D-003  2.5534676923D-003
  0.0000000000D+000  0.0000000000D+000 -1.6154825798D-001  3.2507630210D-001
  5.5860926338D-002  1.1017432811D-001 -1.0769644456D-012  3.6848407386D-001
  3.0070577283D-002  6.3650229784D-002  0.0000000000D+000 -9.1857019241D-004
 -9.5857122012D-004 -1.6703471113D-002 -1.9174623555D-003  0.0000000000D+000
  0.0000000000D+000 -4.7128354089D-002  8.6912064745D-002  5.0184847667D-003
 -4.5952226030D-002  0.0000000000D+000  7.1269788248D-002  3.7161434000D-002
 -2.3628676917D-002  0.0000000000D+000  3.9561868976D-004  4.9857480680D-003
 -6.0014862056D-003  9.3253014473D-004  0.0000000000D+000  0.0000000000D+000
 -3.5998189227D-002  7.0446264491D-002 -1.8452368876D-002 -2.7603328815D-002
  0.0000000000D+000 -1.4293709444D-002  1.4810128546D-002  1.1958900208D-002
  0.0000000000D+000  1.0545719500D-003  1.9353364191D-003 -4.0189559176D-003
  1.0326396420D-003  0.0000000000D+000  0.0000000000D+000 -9.4026279045D-002
  1.8263060999D-001 -9.8160876117D-002  3.3782023811D-002  0.0000000000D+000
  4.5155271652D-002  2.2104729827D-002 -1.5963275136D-002  0.0000000000D+000
  1.3176401937D-002 -4.3106140215D-003 -1.2521033056D-002 -3.9746213067D-003
  0.0000000000D+000  0.0000000000D+000  1.4667400233D-002  1.2421563480D-002
  9.7949668232D-003 -4.2145462794D-003  2.7670754978D-002 -6.8800487480D-003
  1.3259093669D-002  9.5383025844D-003  1.8771619244D-002  1.7676680133D-002
  1.5483633727D-002 -2.8740592494D-003  0.0000000000D+000 -4.1445226973D-004
 -3.3763103250D-003  0.0000000000D+000  6.0641814027D-003 -1.7091933787D-003
 -2.3382806535D-003 -4.0810675407D-003  0.0000000000D+000  0.0000000000D+000
  3.4875926930D-003 -9.9756295753D-003  7.3571448872D-003  1.2996186716D-001
  0.0000000000D+000  2.0581675699D-002  2.1068774091D-002  2.0883944236D-003
  0.0000000000D+000  2.7920773864D-003 -2.5781723062D-003  9.4221604092D-004
  1.2287700831D-002  0.0000000000D+000  0.0000000000D+000 -1.0503544760D-001
  2.0455394202D-001 -4.4127359116D-002  6.3061432099D-002  0.0000000000D+000
  1.2770476265D-001  1.0226361114D-002  3.5641196751D-003  0.0000000000D+000
  1.5365237056D-003  2.8572310871D-003 -1.0907696592D-002 -7.0497940323D-003
  0.0000000000D+000  0.0000000000D+000  8.6520669779D-002 -1.8232393006D-001
 -1.0579481791D-002 -3.2542035308D-002  0.0000000000D+000 -2.1050776649D-001
 -8.0863964248D-003 -2.0478599072D-002  0.0000000000D+000  1.6762621754D-003
  4.0199473720D-003  5.5672057158D-003  3.6992514930D-003  0.0000000000D+000
  0.0000000000D+000 -1.0954694799D-001  2.1406241775D-001  7.6744608952D-002
 -1.3534340766D-002  0.0000000000D+000  1.3558829686D-001 -6.6649910082D-003
  1.0801121327D-002  0.0000000000D+000  7.3940138990D-003 -3.1133629092D-003
 -1.1439599617D-002 -3.7755574498D-003  0.0000000000D+000  0.0000000000D+000
 -1.4689639300D-001  2.8596955586D-001 -3.5253206834D-002 -5.0637053945D-002
  0.0000000000D+000  2.2223325412D-001 -8.3963251873D-003 -9.6297261559D-003
  0.0000000000D+000  3.8011309763D-003  2.9372222252D-003 -1.5609422377D-002
 -5.3725848698D-004  0.0000000000D+000  0.0000000000D+000  4.4864348427D-004
 -3.4175677144D-003  9.7391793692D-002  5.7693179757D-002  0.0000000000D+000
  1.9753294312D-002 -3.2528306175D-003  1.9844269963D-002  0.0000000000D+000
 -1.0188538988D-002  9.5430825762D-003  4.8332768270D-004  5.2937146980D-003
  0.0000000000D+000  0.0000000000D+000  5.0216915057D-002  7.3024365360D-004
  7.0172426191D-002  1.1549176287D-002 -2.8857002007D-003  4.9677742293D-003
  4.8218810261D-002  2.8311649259D-003 -3.2401651014D-003 -1.6339533626D-003
 -8.4530889179D-004  5.6338807081D-003  0.0000000000D+000  1.3831139560D-003
  2.9881986716D-003  0.0000000000D+000  6.5727998558D-004  2.6986323551D-004
  3.0912116679D-004  3.6591161262D-003  0.0000000000D+000  0.0000000000D+000
  1.1594301627D-001 -2.3656964625D-001 -6.3828091016D-003 -4.3989569467D-002
  0.0000000000D+000 -1.7369799053D-001  1.4405482614D-002 -2.9990202841D-002
  0.0000000000D+000  1.8443194135D-003 -3.6052828063D-003  1.1665598811D-002
 -5.8377549463D-003  0.0000000000D+000  0.0000000000D+000 -1.0258104578D-001
  2.0284271553D-001 -2.9979871196D-002 -5.2576021715D-002  0.0000000000D+000
  1.4149240492D-001  9.4884579704D-003  2.7291240332D-003  0.0000000000D+000
  1.6772494102D-003  1.7952162279D-003 -9.8301796418D-003  5.0681895513D-003
  0.0000000000D+000  0.0000000000D+000 -7.9458606259D-003  1.7534413588D-002
  1.3250981590D-001 -7.3999225006D-002  0.0000000000D+000  1.0992325951D-002
  4.3600911851D-002 -2.6751573682D-002  0.0000000000D+000  1.1448440356D-002
 -1.1533695380D-002 -5.0276637287D-004  6.7945363901D-003  0.0000000000D+000
  0.0000000000D+000  9.9834321524D-002 -1.9851910523D-001  4.3708892728D-002
  4.8930313555D-002  0.0000000000D+000 -1.3927247644D-001 -7.0217558613D-003
 -9.6997114514D-003  0.0000000000D+000  1.6633411794D-003 -5.0192158327D-003
  9.5306520129D-003 -3.1229826696D-003  0.0000000000D+000  0.0000000000D+000
 -3.9048854740D-003  7.2229728176D-003  8.3640430219D-002 -5.4433127604D-002
  0.0000000000D+000  1.3712479144D-002  1.1186927843D-003 -2.3114945208D-003
  0.0000000000D+000 -7.3450355136D-003  7.6221029121D-003 -4.5256807544D-004
 -4.2189633333D-003  0.0000000000D+000  0.0000000000D+000 -1.1849454042D-001
  2.3940989097D-001  1.3425768167D-002  3.5025265509D-002  0.0000000000D+000
  1.7269902414D-001  1.8733109895D-002  6.1046895125D-003  0.0000000000D+000
 -2.0214832227D-004  2.7997836469D-003 -1.2493575754D-002  4.7234880138D-003
  0.0000000000D+000  0.0000000000D+000 -5.8182312453D-002 -7.8471292069D-003
  1.5021122890D-003  4.2870007254D-005  6.5812409274D-002  9.4654938380D-003
  5.6809882227D-002  6.6318654617D-003 -9.3660845771D-002 -1.3270648820D-001
 -4.6652533893D-002 -1.8136770578D-003  0.0000000000D+000 -8.9641285788D-003
 -2.4307321763D-003  0.0000000000D+000 -1.4481379761D-002  7.4828271762D-003
  8.3838193340D-003 -8.3177834346D-004  0.0000000000D+000  0.0000000000D+000
 -3.3713219020D-002  6.9066028628D-002 -1.3338390992D-001  5.9127586663D-003
  0.0000000000D+000  7.3307895531D-002 -4.0394322780D-002  4.3319613695D-003
  0.0000000000D+000  9.0573354564D-003 -6.1853484809D-003 -1.7048191585D-003
  1.2820805793D-003  0.0000000000D+000  0.0000000000D+000 -7.7197004790D-002
  1.5638263878D-001  2.1966397332D-002 -5.1351636140D-002  0.0000000000D+000
  1.1811504700D-001  2.4329945777D-002 -1.3736116210D-002  0.0000000000D+000
  9.0895672975D-004 -1.5989810025D-003 -6.5478686212D-003  3.1239950663D-003
  0.0000000000D+000  0.0000000000D+000  3.6902935020D-002 -8.1510864367D-002
 -5.5562953781D-002 -4.7070021361D-003  0.0000000000D+000 -8.3277710867D-002
 -9.0573840262D-003 -3.6390526768D-003  0.0000000000D+000  3.8201837159D-003
  1.1073076941D-003  2.0678057001D-003 -2.6053742402D-003  0.0000000000D+000
  0.0000000000D+000  5.2903579836D-002 -1.0628686066D-001 -7.6107054789D-002
 -2.1984736932D-002  0.0000000000D+000 -8.9811669309D-002 -4.2646012925D-003
 -5.9403886423D-003  0.0000000000D+000  2.0518118705D-004  1.9774094704D-004
  4.9130966464D-003  3.1311082018D-003  0.0000000000D+000  0.0000000000D+000
  3.6148601777D-002 -7.3534724624D-002  8.6590166798D-002 -5.8110087420D-002
  0.0000000000D+000 -5.7212703974D-002  1.6784417759D-002 -2.5344695542D-002
  0.0000000000D+000 -4.7239990437D-003  5.3434411068D-003  3.2244684285D-003
 -4.6093986334D-003  0.0000000000D+000  0.0000000000D+000 -2.6718001298D-002
  5.3046691871D-002  1.1917903556D-001  4.0895759047D-002  0.0000000000D+000
  4.8650348252D-002  2.4459227380D-002  9.2525632946D-003  0.0000000000D+000
 -7.3462346710D-003  6.0794380542D-003 -1.3865120968D-003  4.6239616396D-003
  0.0000000000D+000  0.0000000000D+000 -2.9667938466D-002 -6.4787485936D-003
 -2.8152323191D-002 -5.1403351566D-003  2.4950506161D-002  8.9076953484D-003
  6.6596460612D-002  1.6083437146D-002  3.0828687307D-001  4.8480044594D-001
  5.5390035918D-002  1.2256091334D-003  0.0000000000D+000  1.9576257860D-002
  3.5515526562D-003  0.0000000000D+000  2.0544559309D-002 -1.6307324434D-002
 -1.6548745618D-002  1.1106927419D-003  0.0000000000D+000  0.0000000000D+000
  9.8888650425D-003 -2.6002391651D-002 -5.9827477343D-003  2.4284629407D-001
  0.0000000000D+000  8.8521939131D-004  1.5046010092D-002  5.1677222813D-002
  0.0000000000D+000  3.9164492508D-003 -2.2402804399D-003  2.7871736038D-003
  9.7628414827D-003  0.0000000000D+000  0.0000000000D+000  3.9507174731D-002
 -7.9471443435D-002 -2.8861815159D-002 -1.7779724586D-001  0.0000000000D+000
 -8.2354299607D-002 -5.8617314462D-003 -4.0818268228D-002  0.0000000000D+000
 -2.5553789676D-004  4.2241891187D-004  3.4219686995D-003  9.4373294824D-003
  0.0000000000D+000  0.0000000000D+000  4.3281100498D-002 -9.6676636933D-002
  1.7421390881D-001 -1.1637488687D-001  0.0000000000D+000 -1.0246097520D-001
  5.4205504021D-002 -3.1197454264D-002  0.0000000000D+000  1.3152773858D-002
 -6.0100017500D-003  1.3198122143D-003  5.8286951973D-003  0.0000000000D+000
  0.0000000000D+000 -9.6921957651D-002  1.9924451607D-001 -1.0021234563D-001
  9.6712747634D-004  0.0000000000D+000  1.4411979015D-001 -4.8652073065D-002
  3.3963784601D-002  0.0000000000D+000 -6.5918756207D-003  3.2572024874D-003
 -8.0849239620D-003 -1.3724448196D-003  0.0000000000D+000  0.0000000000D+000
  7.9884760509D-002 -1.6627892205D-001 -1.3630496543D-001  3.1354785030D-002
  0.0000000000D+000 -1.1349280672D-001 -5.3655410106D-002 -2.0907873257D-002
  0.0000000000D+000  8.0613513045D-003 -5.6604144092D-003  6.3607486737D-003
  5.1959528159D-005  0.0000000000D+000  0.0000000000D+000 -1.0859139836D-001
  2.2760695753D-001  2.1488450884D-002 -6.2299233802D-002  0.0000000000D+000
  1.9780801247D-001  1.6238554136D-002 -2.8719769351D-002  0.0000000000D+000
 -5.3366144286D-003  3.4845223643D-004 -9.9386058158D-003 -1.0440662741D-003
  0.0000000000D+000  0.0000000000D+000  9.6406791892D-002  2.2097937611D-002
 -8.1201355398D-002 -2.0740051193D-002  1.0900182671D-001  3.3305890101D-002
 -3.8398959463D-002 -1.4651586449D-002  1.1599351849D-002  2.2311348739D-002
 -1.3260866986D-004  1.8989633609D-002  0.0000000000D+000  3.6053190741D-003
  9.1301730874D-003  0.0000000000D+000  2.1480740642D-003  6.9033114412D-004
 -7.2225441296D-005  7.9534792685D-003  0.0000000000D+000  0.0000000000D+000
  8.9136857411D-002 -1.9185550625D-001 -8.1001758879D-002 -3.3169184009D-002
  0.0000000000D+000 -1.6781831061D-001 -2.3144336553D-003 -3.4306258729D-003
  0.0000000000D+000  1.1070249678D-002 -6.1315338578D-004  8.4031618464D-003
 -2.8155202043D-003  0.0000000000D+000  0.0000000000D+000  7.5176135704D-002
 -1.5431819638D-001 -3.0241507733D-002  8.7847768568D-002  0.0000000000D+000
 -1.1349050053D-001 -3.6516216890D-002  2.6476344231D-002  0.0000000000D+000
 -3.6539542149D-003  7.6703438173D-003  6.2196690816D-003 -2.8666607642D-003
  0.0000000000D+000  0.0000000000D+000 -3.8602253249D-002  8.6683483952D-002
  1.4407255662D-001 -1.3231929278D-001  0.0000000000D+000  1.0322566950D-001
  3.7979495550D-002 -4.5093358160D-002  0.0000000000D+000  9.2236629012D-003
 -1.5827866832D-002  1.0542950147D-004  6.3869238383D-004  0.0000000000D+000
  0.0000000000D+000  7.7577299308D-004 -1.8417111781D-003  1.3636278098D-001
  1.3893845291D-001  0.0000000000D+000  4.3735392812D-003  3.4343725773D-002
  3.2337934400D-002  0.0000000000D+000  9.9355973848D-003 -8.5098626855D-003
  3.9500124977D-004 -3.5922445595D-003  0.0000000000D+000  0.0000000000D+000
 -8.5058669030D-002  1.7801641993D-001 -2.6254260416D-002  1.2829464013D-001
  0.0000000000D+000  1.4136090746D-001  9.1356412540D-003  6.5417272383D-002
  0.0000000000D+000 -6.9217103186D-004 -2.1328520645D-003 -6.4641856186D-003
  5.3143679200D-003  0.0000000000D+000  0.0000000000D+000 -2.1432402844D-002
  4.9869557730D-002 -1.6743985952D-001 -1.2390570455D-001  0.0000000000D+000
  3.3163378892D-002 -3.0479579631D-002 -4.5219713204D-002  0.0000000000D+000
  6.7104853362D-003 -7.3077603773D-003 -2.9928394879D-003 -2.8325276285D-003
  0.0000000000D+000  0.0000000000D+000  2.3178791530D-002  1.3952851662D-002
  1.1243018777D-001  3.8121241751D-002  3.3257903798D-002  6.0092097869D-003
 -7.7161305276D-002 -2.4527013583D-002  1.9548343788D-001  3.3271225630D-001
 -2.6141169610D-002 -1.5736828605D-003  0.0000000000D+000 -2.9751104766D-003
 -7.2644502890D-004  0.0000000000D+000  5.0218770106D-004 -4.0001135529D-003
 -3.9967719686D-003 -1.8471405858D-003  0.0000000000D+000  0.0000000000D+000
 -2.1243232414D-002  4.7822957006D-002 -9.2059265184D-002 -8.2820538821D-002
  0.0000000000D+000  5.3632858522D-002 -6.1726737378D-002 -1.2158746572D-002
  0.0000000000D+000 -1.1850423170D-002  9.4057932489D-003 -1.1399169282D-003
 -2.8754619407D-003  0.0000000000D+000  0.0000000000D+000 -1.2551012355D-002
  2.4373370247D-002  2.5306822398D-001 -4.9327033697D-002  0.0000000000D+000
  4.5784426352D-002  7.7106589797D-002 -7.4719517137D-003  0.0000000000D+000
  2.7673590302D-003  2.3467323700D-003 -5.8185949689D-004  1.9015187873D-003
  0.0000000000D+000  0.0000000000D+000 -2.6457174495D-002  5.6114213193D-002
 -1.3720089971D-001 -3.1701390033D-002  0.0000000000D+000  1.1368526242D-001
 -4.6031126776D-002 -1.6718306415D-002  0.0000000000D+000 -3.0959451693D-003
 -3.3366764968D-003  1.1274551526D-003 -1.4111848650D-002  0.0000000000D+000
  0.0000000000D+000 -1.7137738095D-002  3.4372530116D-002 -1.1139395663D-001
  1.8732763648D-001  0.0000000000D+000  6.8085136605D-002 -1.9231928731D-002
  6.2960222397D-002  0.0000000000D+000 -7.2958524385D-004  5.0480184672D-003
 -7.7266896698D-004  1.1349567199D-003  0.0000000000D+000  0.0000000000D+000
  5.3252692123D-003 -1.0628933532D-002  1.0488889748D-001  2.1326269511D-001
  0.0000000000D+000 -2.0629789480D-002  4.5908358635D-002  7.5195799429D-002
  0.0000000000D+000  4.3839826301D-003  7.8575915083D-004  9.8524923347D-004
 -1.7212012593D-003  0.0000000000D+000  0.0000000000D+000 -3.0986920543D-003
  4.7515638539D-003  1.1215188131D-001 -1.6776307022D-001  0.0000000000D+000
  8.7997618481D-003  5.4787274401D-002 -6.1940543115D-002  0.0000000000D+000
  3.0705665055D-003 -3.9701885613D-004  1.1838581010D-003 -9.8857810041D-005
  0.0000000000D+000  0.0000000000D+000  1.2807692358D-001  7.8128782189D-002
  1.1726042965D-001  7.4367245197D-002  1.0113749234D-001  5.6783429841D-002
  1.4420699046D-001  9.3782187017D-002 -8.4218005971D-002 -1.5924253269D-001
  5.8046281938D-002 -4.9946590305D-003  0.0000000000D+000  2.1199053473D-002
 -2.8113557460D-003  0.0000000000D+000  3.5721785363D-003  2.5689495596D-004
 -2.8705533935D-003 -2.4408743501D-003  0.0000000000D+000  0.0000000000D+000
  1.3835111313D-002 -2.8273205058D-002  1.1999816842D-002 -2.6125571772D-001
  0.0000000000D+000 -1.2970042524D-003  2.4483068985D-002 -1.0301120659D-001
  0.0000000000D+000 -1.4944260351D-003  3.2942819948D-003 -1.7350410283D-003
 -1.2136659051D-003  0.0000000000D+000  0.0000000000D+000  1.7775990218D-002
 -3.8390215452D-002 -1.1088534226D-001 -2.5144612633D-001  0.0000000000D+000
 -3.3600241311D-002 -5.2258383438D-002 -7.1423129518D-002  0.0000000000D+000
 -3.6283762663D-003  3.8076498730D-003  1.1289702279D-003  5.0130423754D-003
  0.0000000000D+000  0.0000000000D+000  1.4374499648D-002 -3.2103291664D-002
 -2.2497866753D-001  1.4234790325D-001  0.0000000000D+000 -5.9194093912D-002
 -5.8199842108D-002  3.4217393165D-002  0.0000000000D+000 -4.3231134277D-003
  7.7623980277D-003 -4.7907052545D-005 -4.1728891874D-003  0.0000000000D+000
  0.0000000000D+000 -6.5514154703D-003  1.5887238807D-002  2.4169086898D-001
  1.1923684449D-001  0.0000000000D+000  1.6480064509D-003  5.7494910881D-002
  4.1638308160D-002  0.0000000000D+000  3.8471295160D-003 -5.4520331283D-003
 -8.3117646698D-005 -4.6577438774D-003  0.0000000000D+000  0.0000000000D+000
 -7.0753203505D-003  1.5116869752D-002 -2.4682312821D-001  1.0191397696D-001
  0.0000000000D+000  1.7746052186D-002 -8.8929759074D-002  3.7929280804D-002
  0.0000000000D+000  1.9140129321D-003 -3.5772386166D-003 -5.8757941610D-004
  2.7495863384D-003  0.0000000000D+000  0.0000000000D+000 -2.7945328541D-002
  5.7036043568D-002  2.6053718019D-001  8.9651993892D-002  0.0000000000D+000
  3.5253142290D-002  9.6749914171D-002  1.7798011214D-002  0.0000000000D+000
 -1.2238476998D-002  8.8375329252D-003  5.9107126660D-004 -3.5939643980D-003
  0.0000000000D+000  0.0000000000D+000 -3.4259576621D-003 -5.8055729375D-003
 -1.5998813982D-002 -1.3131659295D-002  4.6582082209D-002  2.6158248170D-002
 -7.1107871787D-002 -4.2244301247D-002  2.2342534068D-002  4.3958595050D-002
 -2.1757202691D-002 -3.3824027964D-002  0.0000000000D+000 -1.0769444626D-002
 -2.1682403739D-002  0.0000000000D+000 -3.6929703406D-003 -4.0473141441D-005
  7.3770857289D-004 -1.1019860662D-002  0.0000000000D+000  0.0000000000D+000
  7.0428881061D-002 -1.5305096339D-001  2.1868304017D-002 -8.8696866517D-002
 -2.5876572793D-012 -2.0025625309D-001  2.1609523436D-002 -1.2600587375D-002
 -1.1881001502D-012 -7.4634293948D-004  1.0263174049D-002  3.3946983233D-003
 -9.3582740012D-003  0.0000000000D+000  0.0000000000D+000 -5.1338001003D-002
  1.0558529353D-001  5.8326860082D-002 -4.5149533365D-002  0.0000000000D+000
  1.6355520730D-001  1.2374085345D-002  3.0096592447D-003  0.0000000000D+000
  1.0956200557D-002 -1.3986243329D-002 -3.9372076889D-003  3.0053130786D-003
  0.0000000000D+000  0.0000000000D+000 -4.0940126742D-002  9.1446603648D-002
  5.9324408572D-002  1.8569464096D-002 -2.5740190356D-012  1.5042912467D-001
  1.7535035286D-002  1.6988908411D-002 -1.2718529003D-012 -3.0506139575D-003
 -7.6836392912D-003 -2.0721717741D-003  1.0361041421D-002  0.0000000000D+000
  0.0000000000D+000 -4.2761534451D-002  8.5388683620D-002 -5.4572581413D-002
  2.7065506240D-001 -1.3907070251D-012  1.0699125364D-001 -2.5512138050D-002
  8.3601918062D-002  0.0000000000D+000 -4.4737133160D-003  5.6735583608D-003
 -3.6755362298D-003 -1.7256666963D-002  0.0000000000D+000  0.0000000000D+000
  4.9690597869D-002 -1.0304159000D-001 -6.0108810638D-002 -5.3546858197D-002
 -1.3515989492D-012 -1.4575529083D-001 -3.7265121514D-002 -2.5489325370D-004
  0.0000000000D+000  4.2390422203D-003 -1.1047462360D-003  3.8173848400D-003
 -1.4760360381D-002  0.0000000000D+000  0.0000000000D+000  3.9895440378D-002
 -7.9385806494D-002 -1.3034561334D-001  2.3466113287D-001 -1.6145972527D-012
 -1.1611280035D-001 -3.8815844161D-002  6.4499301909D-002  0.0000000000D+000
  1.3060098738D-002 -1.2699689582D-002  2.4161119255D-003  1.1970703564D-002
  0.0000000000D+000  0.0000000000D+000  2.0006618552D-001  1.4614833994D-001
 -1.0105070588D-001 -6.8041303603D-002 -1.9495054769D-001 -1.4229191672D-001
  9.2845335341D-002  6.1011268468D-002  5.1401837736D-002  1.0560569174D-001
 -8.0665565550D-002  4.4523381940D-003  0.0000000000D+000 -3.1935422044D-002
  4.4794669351D-003  0.0000000000D+000 -1.0533122531D-002  7.8706438397D-003
  4.6508327639D-003 -8.0819848130D-004  0.0000000000D+000  0.0000000000D+000
  2.2054040838D-002 -4.4527750431D-002  1.2673965584D-001 -3.7311065841D-003
 -6.7408939088D-012 -7.0379151829D-002  6.0792501098D-002 -3.7912003042D-002
 -3.6646141743D-012 -4.2223175128D-004  2.1996636640D-003  1.0530736982D-003
  7.2943748123D-003  0.0000000000D+000  0.0000000000D+000 -4.9224859884D-003
  3.0909898814D-003  2.9224413528D-001  6.9878802769D-002 -3.1566531690D-012
  2.7676494877D-002  7.8895258135D-002 -3.6852979637D-003 -1.7082830820D-012
  1.7899220027D-002 -1.0806032184D-002 -1.4145159945D-003 -1.2588788185D-002
  0.0000000000D+000  0.0000000000D+000 -2.2651648690D-002  5.2313690953D-002
 -2.5055084012D-002 -5.5553751720D-002 -7.3254512296D-012  6.0570826888D-002
 -5.5760021835D-003 -4.2415089046D-002 -3.9604733523D-012 -6.6592035198D-003
  3.3544784973D-005  9.1179160953D-004 -6.5229285361D-003  0.0000000000D+000
  0.0000000000D+000 -3.7518006735D-002  8.3588431535D-002  2.1688913312D-001
 -1.2675392045D-001 -4.7866902485D-012  1.3596054952D-001  7.2783000301D-002
 -4.4803247199D-002 -2.2984625789D-012 -1.0222775503D-003 -7.0527654388D-003
 -1.8498699407D-003 -9.1872831125D-004  0.0000000000D+000  0.0000000000D+000
  7.8732880405D-003 -1.0666950947D-002 -2.4031214322D-001 -9.9514791862D-002
 -3.7637822560D-012 -3.5713531926D-002 -4.3906825228D-002 -3.3632284934D-002
 -2.1340214000D-012  1.4509330700D-002 -1.8917608935D-002  1.4281735179D-003
 -7.3193707978D-003  0.0000000000D+000  0.0000000000D+000  3.8777584975D-002
 -8.6470179827D-002 -2.8238668013D-002 -2.2301329829D-001 -4.7647322582D-012
 -1.2411542117D-001 -7.7245190635D-003 -7.8464572755D-002 -2.5846138008D-012
  9.9648320461D-003 -1.4222649584D-003  1.8646592367D-003 -3.1034431960D-003
  0.0000000000D+000  0.0000000000D+000 -9.5052562494D-002 -9.0201285352D-002
 -1.4868808168D-001 -1.3518329698D-001  7.1143029580D-002  6.9884172818D-002
  1.9439876126D-001  1.7536474702D-001  5.4925967246D-002  1.1306323457D-001
 -1.1968139869D-001 -1.8363591181D-002 -1.2259314630D-012 -6.3406505676D-002
 -1.4466036024D-002  0.0000000000D+000 -1.4748425252D-002  4.8200158671D-003
  6.4433254561D-003 -3.4200142328D-003  0.0000000000D+000  0.0000000000D+000
  0.0000000000D+000 -1.2365616436D-012  4.8849271525D-012  0.0000000000D+000
  2.7623015147D-001  0.0000000000D+000  2.9204956857D-012  0.0000000000D+000
  1.5244380904D-001  0.0000000000D+000  0.0000000000D+000  0.0000000000D+000
  0.0000000000D+000  1.0498147038D-002 -6.9381010043D-003  0.0000000000D+000
  0.0000000000D+000  9.2394266721D-012  0.0000000000D+000  1.6367663504D-001
  0.0000000000D+000  3.2563992933D-012  0.0000000000D+000  8.7364223417D-002
  0.0000000000D+000  0.0000000000D+000  0.0000000000D+000  0.0000000000D+000
 -8.7659445263D-003 -1.0656119735D-003  0.0000000000D+000  0.0000000000D+000
  2.2707602310D-012  1.6465318355D-012  3.1452817840D-001  0.0000000000D+000
  1.0330998574D-012  0.0000000000D+000  1.7700244557D-001  0.0000000000D+000
  0.0000000000D+000  0.0000000000D+000  0.0000000000D+000  1.0218673365D-002
  2.0161450940D-002  0.0000000000D+000  1.9869911862D-012  5.2129407855D-012
 -1.8125130666D-012  1.8527505161D-001  1.0002752359D-012  1.6176073179D-012
  0.0000000000D+000  9.6866788179D-002  0.0000000000D+000  0.0000000000D+000
  0.0000000000D+000  0.0000000000D+000  2.2091064313D-003 -9.7634393034D-003
  0.0000000000D+000 -1.0991692458D-012 -6.2794627086D-012  1.0854510991D-012
  1.5825810843D-001  0.0000000000D+000 -1.8469542977D-012  0.0000000000D+000
  8.8873633112D-002  0.0000000000D+000  0.0000000000D+000  0.0000000000D+000
  0.0000000000D+000 -5.0684974868D-003 -6.8531582546D-003  0.0000000000D+000
 -1.8465893033D-012 -3.3517883473D-012 -1.9965880882D-012  2.2312002273D-001
 -1.6491840765D-012 -1.0981336764D-012  0.0000000000D+000  1.2355525936D-001
  0.0000000000D+000  0.0000000000D+000  0.0000000000D+000  0.0000000000D+000
 -1.1577231535D-002  7.7194648252D-003 -1.7063581435D-012 -1.9561792577D-012
 -2.3719551575D-012 -1.9810520228D-012  0.0000000000D+000  0.0000000000D+000
  6.1697033944D-012  5.5016036252D-012  1.9068774268D-012  3.9863163121D-012
 -4.7250964912D-012  0.0000000000D+000  6.3799492079D-002 -2.6215429415D-012
  0.0000000000D+000  4.5331819740D-002  0.0000000000D+000  0.0000000000D+000
  0.0000000000D+000  0.0000000000D+000  1.4801751894D-002 -3.3265425209D-004
 -1.2894925348D-002  3.2185654509D-002  1.9432194985D-001  9.8573795187D-002
 -3.2719653305D-012  4.4731376521D-002  9.4796915310D-002  7.0680883099D-002
 -1.8818163646D-012  1.5461030688D-003 -6.5300152853D-003 -1.7283308319D-003
 -2.7192264957D-003  0.0000000000D+000  0.0000000000D+000  1.9689854508D-002
 -4.4844218027D-002  1.6260876405D-001 -2.2389488461D-001 -1.8322610736D-012
 -8.5391035035D-002  5.7389562417D-002 -5.6658950085D-002 -1.0524379267D-012
  8.7825608609D-003 -3.6682813139D-003  4.9670269069D-004  1.2026279784D-002
  0.0000000000D+000  0.0000000000D+000  2.0260540628D-002 -4.4578614222D-002
  1.5119253178D-001  1.4525842511D-001 -2.9525982358D-012 -4.2165296907D-002
  8.3705536879D-002  8.2032754976D-002 -1.7376133425D-012 -2.5707304701D-003
  1.0046562008D-002 -3.4820683653D-003  1.5528541231D-002  0.0000000000D+000
  0.0000000000D+000  7.7567180602D-003 -1.0261240378D-002 -2.3884142419D-003
 -1.5313706399D-001 -2.2298449680D-012 -7.2419329232D-002  1.6123959867D-002
 -1.3378707334D-002 -1.1476278817D-012 -6.4109747577D-003  2.0177014114D-003
  9.1980648019D-004  1.6292688000D-002  0.0000000000D+000  0.0000000000D+000
  1.5244776183D-002 -4.1493129039D-002  2.3450859545D-002  3.3096537356D-001
 -2.0163962228D-012 -3.2869314725D-002  1.6542163533D-003  8.4770527504D-002
 -1.0285559695D-012  5.0046429705D-003  4.3161808290D-003 -5.3521157948D-004
  1.8996793458D-002  0.0000000000D+000  0.0000000000D+000 -8.9209541185D-003
  2.4648761325D-002 -4.7602366794D-002  1.5650502428D-001 -2.4250219845D-012
  1.6528862547D-002  2.4086471151D-002  6.6600544912D-002 -1.3697855993D-012
  8.5596002095D-003 -1.3639548965D-002 -1.1855458748D-003 -2.7143790495D-004
  0.0000000000D+000  0.0000000000D+000 -9.9403960706D-002 -8.9603052355D-002
  1.8310209797D-001  1.8249664338D-001 -9.4255161840D-002 -8.5572368264D-002
  9.4709095168D-002  9.4636795721D-002  5.1386893999D-002  1.0753623683D-001
 -1.3101765103D-001  2.2648554166D-002  0.0000000000D+000 -7.3507642123D-002
  1.4804571980D-002  0.0000000000D+000 -1.4020718004D-002  3.7342728635D-003
  7.2071629327D-003  4.2371606055D-003  0.0000000000D+000  0.0000000000D+000
 -7.7729905956D-003  5.6264786781D-004 -2.9364782327D-001  8.2549011859D-002
  0.0000000000D+000  9.3960781483D-002 -1.2148152829D-001  3.4467892355D-002
  0.0000000000D+000  1.9552652753D-002 -1.0116628302D-002  2.4531122159D-003
  7.5652732231D-003  0.0000000000D+000  0.0000000000D+000 -7.9535318647D-003
  1.1937381163D-002  7.2631236711D-002 -1.4216092131D-001  0.0000000000D+000
  7.0366319361D-002  1.3060196959D-003 -7.0566178669D-002  0.0000000000D+000
  1.2431505885D-002 -9.2949998853D-003 -9.7163073632D-004  2.9355966117D-003
  0.0000000000D+000  0.0000000000D+000 -1.0122200547D-002  1.9528590900D-002
  1.0158828956D-001 -2.0129703898D-001  0.0000000000D+000  4.2982933013D-002
  3.8601100168D-002 -9.5866999595D-002  0.0000000000D+000  1.3448559935D-002
 -1.7695090985D-002  1.9633815487D-003  8.1796680885D-004  0.0000000000D+000
  0.0000000000D+000  7.1492669678D-003 -9.5271843918D-003  1.8886981442D-001
 -3.8502707564D-002  0.0000000000D+000 -4.4777534371D-002  6.9750024886D-002
  8.9968353506D-003  0.0000000000D+000  1.1885637488D-002 -1.6133153488D-002
  1.5563408114D-003  1.0062811413D-002  0.0000000000D+000  0.0000000000D+000
 -7.0926231085D-003  1.6435638008D-002 -2.0136921392D-001  9.0820174388D-002
  0.0000000000D+000  1.9202782817D-002 -7.6977721064D-002  3.8674458828D-002
  0.0000000000D+000  3.7989546088D-003 -5.3620989080D-003 -1.8072320685D-004
  1.9870374589D-003  0.0000000000D+000  0.0000000000D+000  1.6536592278D-005
  8.2426884585D-003 -1.1808170946D-001  1.3813211044D-001  0.0000000000D+000
 -3.0415517264D-002 -5.7331037438D-002  1.0023031059D-002  0.0000000000D+000
  7.3738030802D-003 -1.4639370463D-002  1.6338009552D-004  1.7674173693D-002
  0.0000000000D+000  0.0000000000D+000 -1.1221268380D-001 -1.2517223543D-001
 -1.1939395318D-002 -1.6327244097D-002 -1.3790674874D-001 -1.4939239387D-001
  7.6974811356D-002  8.1554872470D-002 -5.9713646260D-002 -1.3709628222D-001
  3.2318778113D-001 -1.3035597562D-002  0.0000000000D+000  2.0219126615D-001
 -1.7262973272D-002  0.0000000000D+000  3.4114194388D-002 -1.8277866426D-002
 -1.5099307761D-002 -1.4913793081D-003  0.0000000000D+000  0.0000000000D+000
  0.0000000000D+000  0.0000000000D+000  0.0000000000D+000  1.7952112316D-012
 -2.1038586393D-001 -1.6401789180D-012  0.0000000000D+000  0.0000000000D+000
 -1.4037912774D-001  0.0000000000D+000  0.0000000000D+000  0.0000000000D+000
  0.0000000000D+000  2.8188063917D-003  1.3583547148D-002  0.0000000000D+000
  0.0000000000D+000  0.0000000000D+000 -1.7035825789D-012  2.9504930995D-001
  0.0000000000D+000  0.0000000000D+000 -1.5673391651D-012  1.9947853070D-001
  0.0000000000D+000  0.0000000000D+000  0.0000000000D+000  0.0000000000D+000
 -7.2472808195D-003  8.3204843248D-003  0.0000000000D+000  1.2797693691D-012
 -2.1105419947D-012 -2.6095269571D-012 -2.3800960467D-001  2.5275052255D-012
 -1.4786294796D-012 -1.4048861733D-012 -1.5914721726D-001  0.0000000000D+000
  0.0000000000D+000  0.0000000000D+000  0.0000000000D+000  1.2924428944D-003
 -1.3974473521D-002  0.0000000000D+000  0.0000000000D+000 -1.1936838745D-012
 -1.5827466422D-012  1.0399747690D-001  0.0000000000D+000 -1.5581406200D-012
  0.0000000000D+000  7.1656020969D-002  0.0000000000D+000  0.0000000000D+000
  0.0000000000D+000  0.0000000000D+000  1.5925407774D-002  4.5651850852D-003
  0.0000000000D+000  0.0000000000D+000  0.0000000000D+000  0.0000000000D+000
  3.2167903956D-001  2.3746644407D-012  0.0000000000D+000  0.0000000000D+000
  2.1326592574D-001  0.0000000000D+000  0.0000000000D+000  0.0000000000D+000
  0.0000000000D+000  8.5663010050D-004 -9.5670910825D-003  0.0000000000D+000
  0.0000000000D+000  1.7304506096D-012  0.0000000000D+000  5.1572977297D-002
  0.0000000000D+000  0.0000000000D+000  0.0000000000D+000  2.8853145597D-002
  0.0000000000D+000  0.0000000000D+000  0.0000000000D+000  0.0000000000D+000
  1.6425873564D-002  9.3911816935D-003  0.0000000000D+000  0.0000000000D+000
  0.0000000000D+000  0.0000000000D+000  0.0000000000D+000  0.0000000000D+000
  0.0000000000D+000  0.0000000000D+000  0.0000000000D+000  0.0000000000D+000
  0.0000000000D+000  0.0000000000D+000 -1.9295317351D-001  0.0000000000D+000
  0.0000000000D+000 -1.6798016546D-001  0.0000000000D+000  0.0000000000D+000
  0.0000000000D+000  0.0000000000D+000 -1.9564741152D-002  1.6428244224D-003
  0.0000000000D+000  0.0000000000D+000  0.0000000000D+000 -2.7468912282D-012
 -1.5744354093D-001  0.0000000000D+000  0.0000000000D+000  0.0000000000D+000
 -1.0196463121D-001  0.0000000000D+000  0.0000000000D+000  0.0000000000D+000
  0.0000000000D+000  5.5207856933D-003 -1.9974775328D-002  0.0000000000D+000
  0.0000000000D+000  1.2385968640D-012  2.2157209737D-012  1.0500049444D-001
 -1.3715690421D-012  0.0000000000D+000  1.5971118863D-012  7.1136430347D-002
  0.0000000000D+000  0.0000000000D+000  0.0000000000D+000  0.0000000000D+000
 -2.8368509787D-003 -1.4188582392D-002  0.0000000000D+000 -2.2787591569D-012
  2.6622272818D-012  5.1752130117D-012  2.2768600100D-001 -4.8325402678D-012
  1.4649875351D-012  3.3843628939D-012  1.6001812490D-001  0.0000000000D+000
  0.0000000000D+000  0.0000000000D+000  0.0000000000D+000  1.8120579356D-002
  3.1946294923D-003  0.0000000000D+000  0.0000000000D+000  1.2374635418D-012
  1.6868209702D-012 -2.9558054522D-001  0.0000000000D+000  1.7958948218D-012
  0.0000000000D+000 -2.0582265535D-001  0.0000000000D+000  0.0000000000D+000
  0.0000000000D+000  0.0000000000D+000 -2.4474934128D-003  5.2631701706D-003
  0.0000000000D+000  0.0000000000D+000  0.0000000000D+000  0.0000000000D+000
 -1.6939951075D-001 -2.1321708373D-012  0.0000000000D+000  0.0000000000D+000
 -1.1180006168D-001  0.0000000000D+000  0.0000000000D+000  0.0000000000D+000
  0.0000000000D+000  1.2493965126D-002 -3.9955891987D-003  0.0000000000D+000
  0.0000000000D+000 -2.5600471433D-012 -1.3071702047D-012  3.0055743072D-001
  2.7249466118D-012  0.0000000000D+000  0.0000000000D+000  2.0199188572D-001
  0.0000000000D+000  0.0000000000D+000  0.0000000000D+000  0.0000000000D+000
 -7.8234154895D-003  3.1043274082D-003  0.0000000000D+000  0.0000000000D+000
  0.0000000000D+000  0.0000000000D+000  0.0000000000D+000  0.0000000000D+000
  0.0000000000D+000  0.0000000000D+000  0.0000000000D+000  0.0000000000D+000
  3.3015643983D-012  0.0000000000D+000 -2.3007105493D-001  2.4304496965D-012
  0.0000000000D+000 -2.0575411773D-001  0.0000000000D+000  0.0000000000D+000
  0.0000000000D+000  0.0000000000D+000 -1.8113833412D-002 -5.6189948887D-003
 -1.6584126064D-002  4.0197919593D-002 -3.3268601588D-002 -1.7402533795D-001
  0.0000000000D+000  6.5443924424D-002 -2.0937965558D-002  4.0544912072D-002
  0.0000000000D+000  2.1085201096D-002 -1.9518618686D-002 -1.4416613535D-003
 -1.8953781511D-002  0.0000000000D+000  0.0000000000D+000  1.9296849511D-002
 -4.4615966315D-002  8.8621528504D-002  1.2243079414D-001  0.0000000000D+000
 -1.0777848927D-001  1.6069597428D-002  1.0246474728D-001  0.0000000000D+000
  6.9036480346D-003 -2.7627595768D-003 -1.0363234017D-005 -3.6763595590D-003
  0.0000000000D+000  0.0000000000D+000  6.1427559992D-002 -1.2735714283D-001
  2.2295629597D-001  3.7359352207D-001 -3.6031911037D-012 -2.2341749234D-001
  1.6078954052D-001  2.6228749277D-001 -2.7621347202D-012  7.5420710006D-003
  1.8437006998D-002 -6.1823061770D-003  9.6364844648D-003  0.0000000000D+000
  0.0000000000D+000  2.6345213914D-002 -5.9409320634D-002  1.0906152731D-001
  1.3861062418D-001  4.5178904447D-012 -1.5076471385D-001  1.0910995217D-001
  7.0459605213D-002  3.2541946500D-012  4.3602145360D-003 -7.7195064338D-005
  7.1934504223D-004 -6.0666258793D-003  0.0000000000D+000  0.0000000000D+000
 -6.3599857879D-003  1.8044969830D-002 -4.9502313691D-002 -4.0167455532D-002
  3.8003481740D-012 -3.4674913048D-002 -1.4035746380D-002 -8.0274962953D-003
  2.6283064376D-012  9.8060832280D-004 -6.2981791655D-003 -2.2911936068D-005
 -8.1599572754D-003  0.0000000000D+000  0.0000000000D+000 -1.7568582727D-002
  4.2817629210D-002 -1.2502229524D-001 -9.7057115964D-002 -4.5310133665D-012
  4.5571734513D-002  1.8168569362D-002  7.8635222239D-003 -3.3719368766D-012
 -1.2545737817D-003  1.5248077778D-003 -2.4640440687D-003 -2.4900251882D-002
  0.0000000000D+000  0.0000000000D+000  3.4556833646D-002  7.2499852807D-002
 -5.4227837398D-002 -7.1430435950D-002  7.9953610744D-002  9.7920795073D-002
  5.0956015080D-002  8.8419284091D-002  1.0388874893D-003 -7.1514308443D-003
  1.9269679051D-001  2.2228470696D-001 -1.0077702332D-012  1.4149821794D-001
  2.1670316788D-001  0.0000000000D+000  1.0264323765D-002 -1.0741705510D-002
 -4.2137528266D-003  2.5041681573D-003  0.0000000000D+000  0.0000000000D+000
  1.1338532403D-002 -2.7257725470D-002  1.9073174182D-003  3.9755869033D-002
  0.0000000000D+000 -6.2682495749D-002  1.2475632333D-003  3.9856900433D-002
  0.0000000000D+000 -1.0815089204D-002  9.5966730724D-003  1.7069476068D-004
 -4.9314687776D-003  0.0000000000D+000  0.0000000000D+000 -9.3095570378D-003
  2.2273048099D-002 -3.9923618073D-002 -6.3945388639D-002  0.0000000000D+000
  5.1312187045D-002  1.6659365339D-003 -6.1122268617D-002  0.0000000000D+000
 -3.0479089511D-003  1.3591565146D-003  1.5425504088D-004 -1.1308282903D-004
  0.0000000000D+000  0.0000000000D+000 -4.6279409952D-002  9.5381893074D-002
 -1.5679930727D-001 -1.6353792498D-001  1.5564882713D-012  2.3306194909D-001
 -1.1656415532D-001 -1.0114905075D-001  1.2185158568D-012 -1.0002655071D-002
 -9.4265837247D-003  2.0466354333D-003 -8.2219443972D-003  0.0000000000D+000
  0.0000000000D+000  3.8745943410D-003 -5.2251658853D-003  1.5583417136D-002
 -5.1339032109D-002 -2.2902660604D-012 -6.2835409040D-002 -4.4936816859D-002
 -2.5287489506D-002 -1.6836959119D-012  2.9162681319D-003 -3.7341003456D-003
  7.7761407641D-004  2.8456728749D-003  0.0000000000D+000  0.0000000000D+000
 -6.8913166863D-003  1.0683864615D-002 -2.2968733978D-002  1.1210353361D-002
 -1.8882761425D-012  9.6639509108D-002 -3.4615722042D-002 -2.7835010881D-003
 -1.3716904279D-012 -5.1215356201D-004  1.3553357676D-003 -7.7927075050D-004
  2.6446543280D-003  0.0000000000D+000  0.0000000000D+000  1.5587074833D-002
 -3.8483956276D-002  9.1287061887D-002  3.3625959024D-002  2.2720048731D-012
 -4.8563942887D-002  1.0519561203D-003 -1.2998963073D-002  1.7547187673D-012
  1.7992794578D-003  1.9843449359D-004  1.4091251185D-003  1.1521444825D-002
  0.0000000000D+000  0.0000000000D+000 -3.9011936008D-002 -3.3670089134D-002
  1.1245976664D-002  1.2183929347D-002 -2.8950268664D-002 -3.3518041472D-002
 -2.2248984895D-002 -4.4221324645D-002 -6.2190380259D-003 -4.9639976209D-003
 -7.5870928104D-002  5.1509178976D-001  1.0212808831D-012 -5.0065348949D-002
  4.5767644744D-001  0.0000000000D+000 -2.7423162587D-003  1.2310657469D-002
  1.7727237268D-003  3.6277380399D-003  0.0000000000D+000  0.0000000000D+000
  0.0000000000D+000  0.0000000000D+000  0.0000000000D+000  0.0000000000D+000
 -1.7719278281D-001  0.0000000000D+000  0.0000000000D+000  0.0000000000D+000
 -1.0692751119D-001  0.0000000000D+000  0.0000000000D+000  0.0000000000D+000
  0.0000000000D+000 -1.4956747218D-002 -2.4133257261D-003  0.0000000000D+000
  0.0000000000D+000  0.0000000000D+000  0.0000000000D+000  2.0463734573D-001
 -1.0630748392D-012  0.0000000000D+000  0.0000000000D+000  1.5797035778D-001
  0.0000000000D+000  0.0000000000D+000  0.0000000000D+000  0.0000000000D+000
 -2.6241527279D-003 -4.2962959039D-003  0.0000000000D+000  0.0000000000D+000
  1.2830308312D-012  2.5453247933D-012 -9.9860244754D-002 -1.6976163899D-012
  0.0000000000D+000  2.1276180541D-012 -7.7804142225D-002  0.0000000000D+000
  0.0000000000D+000  0.0000000000D+000  0.0000000000D+000  4.7111862756D-003
 -1.0109930500D-002  0.0000000000D+000  0.0000000000D+000  0.0000000000D+000
  0.0000000000D+000 -1.9184941992D-001  0.0000000000D+000  0.0000000000D+000
  0.0000000000D+000 -1.4505724181D-001  0.0000000000D+000  0.0000000000D+000
  0.0000000000D+000  0.0000000000D+000  2.2801464426D-003  6.4168512018D-003
  0.0000000000D+000  0.0000000000D+000  0.0000000000D+000  0.0000000000D+000
  1.0828908779D-002  0.0000000000D+000  0.0000000000D+000  0.0000000000D+000
  3.9255734348D-003  0.0000000000D+000  0.0000000000D+000  0.0000000000D+000
  0.0000000000D+000  1.1453688603D-002 -6.9103222824D-003  0.0000000000D+000
  0.0000000000D+000  0.0000000000D+000  0.0000000000D+000  1.4234238431D-001
  0.0000000000D+000  0.0000000000D+000  0.0000000000D+000  9.6673861511D-002
  0.0000000000D+000  0.0000000000D+000  0.0000000000D+000  0.0000000000D+000
  9.7029554790D-003  5.7727144899D-003  0.0000000000D+000  0.0000000000D+000
  0.0000000000D+000  0.0000000000D+000  0.0000000000D+000  0.0000000000D+000
  0.0000000000D+000  0.0000000000D+000  0.0000000000D+000  0.0000000000D+000
  2.0321289968D-012  0.0000000000D+000  4.6343371173D-001  1.3024166243D-012
  0.0000000000D+000  4.3260137043D-001  0.0000000000D+000  0.0000000000D+000
  0.0000000000D+000  0.0000000000D+000 -6.1643473683D-003  1.3752947303D-003
  1.6376637037D-012 -3.1532755039D-012  6.6105767111D-012  0.0000000000D+000
 -1.9273201206D-001 -1.3252457406D-011  7.6649907747D-012 -2.0391989461D-012
 -2.0250496979D-001  0.0000000000D+000  0.0000000000D+000  0.0000000000D+000
  0.0000000000D+000  5.1287789825D-003 -3.0494589901D-002  0.0000000000D+000
  0.0000000000D+000  0.0000000000D+000 -1.1064379049D-012 -1.3992596784D-001
 -2.4467029876D-012  0.0000000000D+000 -2.4019926738D-012 -1.9333900847D-001
  0.0000000000D+000  0.0000000000D+000  0.0000000000D+000  0.0000000000D+000
 -1.2801140513D-003  2.8525273647D-002  0.0000000000D+000  0.0000000000D+000
 -1.3580820209D-012  0.0000000000D+000  3.6780811940D-001  2.5204406304D-012
 -1.3124198816D-012 -1.6892273205D-012  4.0509167944D-001  0.0000000000D+000
  0.0000000000D+000  0.0000000000D+000  0.0000000000D+000  9.7640913464D-004
  6.3181976723D-003  0.0000000000D+000  0.0000000000D+000 -1.2915057222D-012
 -2.1927334136D-012 -1.9107021400D-001  1.1985565186D-012 -2.4342975769D-012
 -2.4099228672D-012 -2.5816155186D-001  0.0000000000D+000  0.0000000000D+000
  0.0000000000D+000  0.0000000000D+000  2.5119203866D-002  9.9425955759D-003
  0.0000000000D+000  0.0000000000D+000  1.3344412957D-012  0.0000000000D+000
  3.7872756717D-001  3.1855508078D-012  0.0000000000D+000 -1.0957214765D-012
  4.8372568936D-001  0.0000000000D+000  0.0000000000D+000  0.0000000000D+000
  0.0000000000D+000  7.4921612930D-003  7.7941409483D-003  0.0000000000D+000
  0.0000000000D+000  1.2707119547D-012  0.0000000000D+000 -2.3323975677D-001
 -3.1159599655D-012  0.0000000000D+000  0.0000000000D+000 -2.5692150025D-001
  0.0000000000D+000  0.0000000000D+000  0.0000000000D+000  0.0000000000D+000
 -2.6333557428D-002 -5.7872596979D-003  0.0000000000D+000  1.8112046512D-012
  0.0000000000D+000  0.0000000000D+000  0.0000000000D+000  1.9738547530D-012
  0.0000000000D+000  0.0000000000D+000  1.7193608196D-012  5.8166657230D-012
  5.6221622420D-012  0.0000000000D+000  5.3707047568D-002  1.2922127503D-011
  0.0000000000D+000  6.8424057887D-002 -1.4680267714D-012  1.2381176308D-012
  1.0050605263D-012  0.0000000000D+000 -3.2852188699D-002 -1.5461062136D-002
  9.7934833171D-002 -1.8149112537D-001  4.0798894746D-001  1.9724829401D-002
 -1.8382850874D-011 -7.2717405125D-001  4.7537257763D-001 -8.2077049539D-003
 -2.1212217129D-011  1.3745081422D-002  1.3083479849D-002  1.9709473762D-003
  2.2810245918D-003  0.0000000000D+000  1.2683565742D-012  6.3979346466D-003
 -1.0117611009D-002  2.2173195021D-004 -2.3184266765D-002 -1.6868785352D-011
 -1.1862387514D-001  3.6042993488D-002 -5.0864321392D-002 -2.1343815221D-011
 -1.4495293779D-003  1.1378238673D-003 -6.0156656302D-005 -8.1696144689D-004
  0.0000000000D+000 -1.2616094631D-012 -2.6138819033D-002  5.5582827309D-002
 -7.4224308513D-002 -9.3434737950D-003 -3.0516848709D-012  1.4684177944D-001
 -7.3678243501D-002 -4.6444827610D-002 -3.2190253010D-012 -1.7708254665D-002
  4.6773906113D-003  2.8359856080D-004  1.0782018705D-002  1.5213990389D-012
  0.0000000000D+000 -1.0954839943D-002  3.3508916919D-002 -3.2944531402D-002
 -1.1339312863D-001  2.2238002567D-011 -1.4082868421D-002 -1.8422474570D-002
 -9.0709032351D-002  2.8908975562D-011 -1.2976392235D-002  9.7430492769D-003
  7.0672082739D-004 -1.4441701495D-002  0.0000000000D+000  0.0000000000D+000
  1.6560040915D-002 -4.3094210270D-002  5.6388938638D-002 -1.8217590846D-002
 -5.8403975508D-012 -5.9959106763D-002  4.3143744147D-002 -9.8847324719D-002
 -7.4197479204D-012  2.7749828507D-003  2.4660838128D-003 -1.1039490953D-003
  1.0440844321D-002 -1.6454058098D-012  0.0000000000D+000  2.4101263089D-002
 -6.1424474199D-002  9.0268834654D-002  5.1903309672D-003  2.1820543306D-011
 -1.2269817244D-001  4.2562686847D-002  4.3944137795D-002  2.6612023484D-011
  4.1750819440D-003  3.4854613587D-003 -4.9870759592D-004 -3.6243051424D-003
  0.0000000000D+000  0.0000000000D+000  3.3672149483D-002  1.6210731299D-001
  3.9016412097D-002  1.6361416417D-001  1.9105129922D-002  1.0590223867D-001
 -7.3203352824D-003 -2.8218087235D-004  1.1183612843D-001  3.6445389422D-001
  3.3123073632D-001 -5.9105164369D-003  3.7729491893D-012  7.8867575418D-001
 -8.0483008564D-003  6.2162039386D-012 -1.0148361393D-001  7.4408138146D-002
  6.1447228350D-002  3.1050216866D-003 -2.4516164907D-012  0.0000000000D+000
  5.8877946662D-012 -1.0753688902D-011  2.4404243783D-011  1.0721558392D-012
  3.5272543395D-001 -4.1579604351D-011  2.9274985290D-011  0.0000000000D+000
  4.1616011030D-001  0.0000000000D+000  0.0000000000D+000  0.0000000000D+000
  0.0000000000D+000 -9.6939217517D-003 -1.3128652265D-002  0.0000000000D+000
  0.0000000000D+000  0.0000000000D+000 -1.5155824947D-012  3.2363069618D-001
 -6.4372321677D-012  1.8507365071D-012 -3.9111098563D-012  4.2072628859D-001
  0.0000000000D+000  0.0000000000D+000  0.0000000000D+000  0.0000000000D+000
  9.8105182541D-003  1.3151665810D-002 -1.6299647404D-012  3.5836557072D-012
 -3.1987909734D-012  0.0000000000D+000 -3.4099888542D-002  9.7348252843D-012
 -2.3882918302D-012 -3.5343115435D-012 -3.9505653720D-002 -1.0599815579D-012
  0.0000000000D+000  0.0000000000D+000  0.0000000000D+000 -2.4868940149D-002
  1.5041752038D-002  0.0000000000D+000  2.0207915580D-012 -1.4628411263D-012
 -6.3792205865D-012 -3.0618564657D-001  0.0000000000D+000  0.0000000000D+000
 -4.5290195754D-012 -3.9581297999D-001  0.0000000000D+000  0.0000000000D+000
  0.0000000000D+000  0.0000000000D+000 -9.7152337580D-003 -1.6081917682D-002
  1.1091035627D-012 -2.7392857950D-012  3.9339668196D-012 -1.2238520091D-012
 -1.7397344585D-002 -5.1650026105D-012  3.8380427520D-012 -6.4716992870D-012
 -2.3267666492D-002  0.0000000000D+000  0.0000000000D+000  0.0000000000D+000
  0.0000000000D+000  2.5355519286D-002 -1.6545771804D-002  1.6218462503D-012
 -3.8906501955D-012  5.6787572591D-012  0.0000000000D+000 -3.1177506937D-001
 -1.1988871758D-011  3.7492332289D-012  2.9764726591D-012 -3.8470740889D-001
  0.0000000000D+000  0.0000000000D+000  0.0000000000D+000  0.0000000000D+000
  1.1536940656D-002  1.5277353178D-002  1.9891035704D-012  9.5829602565D-012
  2.4551013162D-012  1.0251095464D-011  1.5907364254D-012  8.3295263322D-012
  0.0000000000D+000 -1.0117623872D-012  6.8535822829D-012  2.2187992677D-011
  1.9281524012D-011  0.0000000000D+000 -7.2237222674D-002  4.7492086794D-011
  0.0000000000D+000 -1.2374538114D-001 -6.3725437730D-012  4.4954512823D-012
  3.7179184974D-012  0.0000000000D+000  5.5659746096D-002 -9.0772282171D-003
 -9.2948275922D-003  1.8483076627D-003 -7.6215951879D-002 -1.4953137198D-002
 -1.1810342993D-012  1.9069251110D-001 -1.6913349992D-001 -3.3891930578D-002
 -1.8729821395D-012  8.4751002858D-003 -9.3420329220D-003 -3.4720286535D-004
  7.6051186133D-003  0.0000000000D+000  0.0000000000D+000  4.3469609238D-002
 -7.2223990849D-002 -2.1689202304D-001  2.4631650560D-003  1.0786110576D-012
 -6.8972153592D-001 -5.1731935156D-001  8.3294248285D-002  1.9662440906D-012
  2.3911892774D-002 -1.7558663192D-002  1.4216122686D-004 -4.9550606225D-003
  0.0000000000D+000  0.0000000000D+000  1.6685898339D-002 -5.3925967799D-002
 -3.3330271345D-002 -6.7275434114D-002  1.2198760986D-012 -9.5254047768D-002
 -2.0688145167D-002 -1.1333683974D-001  1.5805781553D-012  2.1575500193D-003
 -2.9035896984D-003 -2.8559398774D-003  2.7239588456D-003  0.0000000000D+000
  0.0000000000D+000  3.8572590861D-002 -7.8504479650D-002  4.7872501404D-002
 -9.8098363659D-002  0.0000000000D+000 -4.2384830947D-001  2.5590800142D-001
 -2.2893302750D-001  1.3930317242D-012  1.8252516827D-003  6.4569532843D-003
 -1.6239767421D-003 -1.4875158292D-002  0.0000000000D+000  0.0000000000D+000
  5.1636544995D-002 -7.6165824323D-002 -1.3647525332D-001 -1.7885076336D-001
  0.0000000000D+000 -9.4695546432D-001 -2.3358669228D-001 -3.9444768711D-001
 -1.0534141912D-012 -9.5506167841D-003  1.5239045397D-002  1.3747686077D-003
  1.7735809353D-002  0.0000000000D+000  0.0000000000D+000  2.6233555308D-002
 -5.2909166983D-002 -9.6101636837D-002  9.2451663789D-002 -1.1377838571D-012
 -3.7776104939D-001 -1.2403486329D-001  2.3038915912D-001 -1.7559307800D-012
 -1.3659746375D-002  1.7156054819D-002  2.7486217663D-004 -4.7885562258D-003
  0.0000000000D+000  0.0000000000D+000  5.5722988279D-002  7.1507518933D-001
  7.6798739613D-002  1.1597977705D+000  4.2063830570D-002  6.0738327282D-001
  8.1443335810D-002  1.1264868785D+000 -2.6475952006D-002 -9.8835935630D-002
 -2.7571176766D-002 -1.8894727133D-002  0.0000000000D+000 -1.7528422763D-001
  2.0661571028D-002  0.0000000000D+000  1.7854462125D-002 -3.5454844023D-003
 -2.3932481634D-002 -9.2281486932D-003  0.0000000000D+000  0.0000000000D+000
  0.0000000000D+000  0.0000000000D+000  0.0000000000D+000  0.0000000000D+000
 -2.8022118500D-001  4.7133614802D-012  0.0000000000D+000  0.0000000000D+000
 -4.7168783157D-001  0.0000000000D+000  0.0000000000D+000  0.0000000000D+000
  0.0000000000D+000  1.7917090097D-002 -2.3480965034D-003 -1.0735549118D-012
  1.9443217027D-012  2.1533997142D-012  0.0000000000D+000  3.0989277898D-001
  1.5642747553D-011  8.8132379229D-012  0.0000000000D+000  5.4229184727D-001
  0.0000000000D+000  0.0000000000D+000  0.0000000000D+000  0.0000000000D+000
  1.8538847131D-002 -6.6577854147D-004  0.0000000000D+000  0.0000000000D+000
  0.0000000000D+000  0.0000000000D+000  3.1023941987D-001 -2.7363149411D-012
  0.0000000000D+000  0.0000000000D+000  4.3278140369D-001  0.0000000000D+000
  0.0000000000D+000  0.0000000000D+000  0.0000000000D+000 -1.4678709463D-003
  7.9498272786D-004  0.0000000000D+000  0.0000000000D+000  0.0000000000D+000
  0.0000000000D+000  2.9556760804D-001 -2.9277649694D-012  0.0000000000D+000
  2.7763280406D-012  5.1897970632D-001  0.0000000000D+000  0.0000000000D+000
  0.0000000000D+000  0.0000000000D+000 -1.0262244618D-002  1.4702237069D-002
  0.0000000000D+000  0.0000000000D+000  0.0000000000D+000  0.0000000000D+000
 -2.9550200960D-001 -1.8768889303D-012 -4.5377800006D-012 -1.0689948158D-012
 -5.3118886732D-001  0.0000000000D+000  0.0000000000D+000  0.0000000000D+000
  0.0000000000D+000 -7.6350718962D-003 -1.4413249534D-002  0.0000000000D+000
  0.0000000000D+000  0.0000000000D+000  0.0000000000D+000 -2.9629525381D-001
 -2.0681274155D-012 -4.6250515449D-012  0.0000000000D+000 -4.9172531653D-001
  0.0000000000D+000  0.0000000000D+000  0.0000000000D+000  0.0000000000D+000
 -8.0016363346D-003  1.4403228878D-002  0.0000000000D+000 -2.4355408073D-012
  0.0000000000D+000  3.7331124580D-012  0.0000000000D+000  3.3734053032D-012
  0.0000000000D+000 -1.7504743927D-011  0.0000000000D+000  0.0000000000D+000
  0.0000000000D+000  0.0000000000D+000 -1.5648570757D-003 -1.5444079198D-012
  0.0000000000D+000  1.2255581686D-001  0.0000000000D+000  0.0000000000D+000
  0.0000000000D+000  0.0000000000D+000 -8.7434100503D-002  4.9693526864D-003
  3.5632506200D-002 -6.7075440930D-002 -3.9362443058D-002  4.4145042106D-002
  0.0000000000D+000 -2.4629937968D-001  5.9169991584D-002  1.8042037498D-002
  0.0000000000D+000 -3.5883992523D-003  1.9862411609D-002 -2.1155768314D-003
 -1.5824810914D-002  0.0000000000D+000  0.0000000000D+000  3.7329756432D-002
 -3.6366357439D-002 -1.6143189853D-001  1.3611167963D-003  0.0000000000D+000
 -9.1280415702D-001 -3.5373940415D-001 -2.4762769659D-001  1.6661924398D-012
  4.4594539844D-003 -2.9531330164D-003  2.8973761912D-003  6.1175514778D-003
  0.0000000000D+000  0.0000000000D+000 -2.7524401599D-002  5.8997657143D-002
 -1.8874495276D-002  6.5392497048D-002  0.0000000000D+000  2.7396741679D-001
  4.9503784023D-002 -3.2315505104D-002  1.0345413284D-012 -1.8895387088D-003
 -9.4632409089D-003 -2.0203768105D-003  1.4508052882D-002  0.0000000000D+000
  0.0000000000D+000 -4.1534330918D-002  6.6727036704D-002 -1.4997020492D-001
  1.6731222277D-001  0.0000000000D+000  7.5072701792D-001 -5.2185416455D-001
  5.0795970991D-001  1.7066844225D-012  7.2921770549D-003 -1.1885930181D-002
 -6.3341868045D-004  4.6524653790D-003  0.0000000000D+000  0.0000000000D+000
 -3.7517053930D-002  4.0858083028D-002  5.6881194802D-002  1.0924581266D-001
 -1.1179645429D-012  9.4698951393D-001  2.9706903405D-001  1.0269278741D-001
 -2.1904049502D-012 -5.4914275704D-003  6.1793475820D-003 -3.1325532393D-003
 -4.3445035370D-003  0.0000000000D+000  0.0000000000D+000  5.1209038183D-002
 -7.3632973570D-002 -6.4163001378D-002  2.4072185246D-001  0.0000000000D+000
 -1.0037139482D+000 -1.2274931166D-001  6.5221259509D-001  0.0000000000D+000
 -2.9945086239D-004  4.7457933829D-003  1.0743841771D-003 -1.0439639550D-002
  0.0000000000D+000  0.0000000000D+000 -5.6796877067D-002 -1.2341774073D+000
 -1.5730563565D-002 -7.1657635562D-001  5.6727989003D-002  1.3063689204D+000
  2.3504089135D-002  8.5096905760D-001  1.4715872975D-002  5.3501496756D-002
  3.2275494172D-003  5.3967069378D-002  0.0000000000D+000  8.9251095627D-002
 -5.3145531352D-002  0.0000000000D+000  2.3267658552D-004 -7.9378946379D-003
  1.0483590370D-002  2.2575313855D-002  0.0000000000D+000  0.0000000000D+000
 -2.5022176654D-002  5.9615020275D-002  1.5981529716D-002  9.4564808934D-002
  0.0000000000D+000  7.6842909481D-002 -1.4435227177D-001  2.6592930504D-001
  0.0000000000D+000  7.2014639591D-003 -1.5226094960D-002  1.6482191975D-003
 -1.2000655043D-002  0.0000000000D+000  0.0000000000D+000 -4.1786350322D-002
  5.6389900504D-002  8.8412607074D-002 -7.6127019763D-002  0.0000000000D+000
  9.1997401379D-001  2.8705714517D-001 -4.5061935853D-001 -1.6844772706D-012
  2.3064774583D-003 -3.8147587868D-003 -2.3706893104D-003 -1.0446779069D-002
  0.0000000000D+000  0.0000000000D+000 -2.0331259253D-002  3.2093853216D-002
  8.5838644002D-002 -2.7418326853D-002  0.0000000000D+000  2.8555001771D-001
  8.8098406023D-002 -2.8700144118D-002  0.0000000000D+000 -1.6492835961D-002
  5.1948330380D-003 -3.9570781432D-003  5.1548648111D-003  0.0000000000D+000
  0.0000000000D+000  9.2634570817D-002 -1.5764345753D-001  7.3287514769D-002
 -1.2961532343D-001  0.0000000000D+000 -1.4711655352D+000  1.8133621437D-001
 -6.6264942451D-001 -1.3600467371D-012  7.6229263568D-003  6.4333562672D-003
 -1.0734153552D-003  9.8220374483D-003  0.0000000000D+000  0.0000000000D+000
 -5.3075479151D-002  8.1407191576D-002  3.0843218431D-004  1.2060995893D-001
  0.0000000000D+000  9.8963936585D-001 -9.6737975976D-002  5.8438990912D-001
  0.0000000000D+000 -1.1790731769D-002  7.3499817081D-003 -1.7900835864D-003
  2.6158019940D-003  0.0000000000D+000  0.0000000000D+000  8.1892358772D-002
 -1.3867426167D-001 -5.2185086332D-002  1.1495842062D-001  1.0276733133D-012
 -1.3492048156D+000 -3.8974048598D-001  3.7695723061D-001  2.1334392049D-012
  1.6768896372D-002 -2.7684403006D-003 -1.9711606742D-003  3.7596075994D-003
  0.0000000000D+000  0.0000000000D+000  3.7488936621D-002  1.4148183279D+000
 -1.3979689360D-002 -8.8989015168D-001  3.0196129719D-002  1.1882980281D+000
 -8.7013793098D-003 -7.2213907199D-001 -2.5771559018D-002 -8.4648295632D-002
 -3.9021963175D-003 -7.6840157906D-002  0.0000000000D+000 -1.3280692989D-001
 -4.4066496411D-002  0.0000000000D+000  9.5300931716D-003  2.1942891674D-002
 -2.3145106735D-002  7.8522616138D-002  0.0000000000D+000  0.0000000000D+000
  3.7997379560D-003  2.4040706850D-002 -1.7424949911D-003  8.2793204979D-003
 -1.2771723266D-012 -7.8156665782D-001 -3.4455877173D-001 -1.5727682006D-001
 -2.5745843701D-012 -7.5536764171D-003 -4.4242091888D-003  1.1722953949D-003
 -2.8126912244D-003  0.0000000000D+000  0.0000000000D+000  9.2996363700D-002
 -1.9598185453D-001 -1.1686686369D-001 -3.3654979515D-002  2.3149491617D-012
 -8.9983491145D-001 -1.1356337405D+000  1.3917588481D-004  4.5621894972D-012
 -1.1309975867D-003  2.4319053069D-002 -5.1110300296D-003 -5.4822088702D-003
  0.0000000000D+000  0.0000000000D+000 -1.3027101316D-002 -3.5074430121D-002
 -4.1707990544D-002 -1.4815343892D-002  1.8452670251D-012  6.6359411012D-001
  1.7586740746D-001  2.0655313713D-001  2.6451224073D-012  1.1490016818D-003
 -1.0607890799D-002 -1.5903419352D-002 -1.5683316362D-003  0.0000000000D+000
  0.0000000000D+000  3.7306370680D-002 -1.1238214795D-001 -9.9831219038D-003
 -1.0713590020D-001  1.8606306525D-012  1.1329646586D-001  9.4204044332D-002
 -9.6645311451D-001  3.0864587145D-012  1.7283872904D-002 -6.4981862764D-004
 -6.7569633459D-003 -1.9993962465D-003  0.0000000000D+000  0.0000000000D+000
 -8.8250042516D-002  1.8944594816D-001  7.9510671932D-002  5.4380459314D-002
 -2.0252380790D-012  7.1681028400D-001  6.3389757092D-001  8.1179562539D-001
 -4.8061120247D-012 -1.0380840523D-002 -1.1729660380D-002  3.6595295092D-003
  1.6741707717D-002  0.0000000000D+000  0.0000000000D+000 -5.6539833504D-002
  1.2289998977D-001  9.8149038758D-002 -7.9505467730D-002 -1.9338875440D-012
  2.2285998806D-001  6.7555671101D-001 -6.0826799353D-001 -3.8925823652D-012
 -1.0653677380D-002 -1.2421760522D-002  2.5977848851D-003 -7.4687898359D-003
  0.0000000000D+000  0.0000000000D+000  4.6087994030D-002  9.5460142324D-001
 -4.0247771729D-002 -1.3709607109D+000 -5.3409371686D-002 -1.0715207681D+000
  4.6749774412D-002  1.5767147843D+000 -1.5301116794D-002 -5.9880208802D-002
 -3.5719000872D-002 -7.0866751655D-002  0.0000000000D+000 -2.2746049077D-002
  3.0127206569D-002  0.0000000000D+000 -9.8339148217D-003  3.9910305827D-002
 -1.1398190538D-002  3.9499112505D-002  0.0000000000D+000  0.0000000000D+000
  4.5250883585D-002 -4.1503082661D-002 -1.0254740544D-001  4.8156279636D-002
  0.0000000000D+000 -9.3283551757D-001 -4.7519679657D-001  9.5312683973D-001
  0.0000000000D+000 -4.8770825435D-004  1.7163271090D-002 -1.0983580560D-002
 -2.9544979579D-002  0.0000000000D+000  0.0000000000D+000  8.6249075858D-003
  3.0639338604D-002  2.3455376042D-002 -4.3362391609D-002  0.0000000000D+000
 -6.0609575194D-001  3.1136708944D-001 -3.1574514870D-001  0.0000000000D+000
 -5.8319216935D-003  1.1571473470D-002 -3.3557307626D-005 -2.7521985851D-002
  0.0000000000D+000  0.0000000000D+000 -1.1103370042D-001  1.6026588459D-001
  6.0238570916D-002  1.3894421689D-001  0.0000000000D+000  2.2607441300D+000
  3.6985134780D-001  6.6098135542D-001  1.1260285738D-012 -1.6012859324D-002
 -1.3613904987D-002 -3.1816891012D-002 -3.4630067833D-003  0.0000000000D+000
  0.0000000000D+000  1.7364985742D-002  1.8237427043D-002 -4.7336415919D-002
  1.3272396911D-002  0.0000000000D+000 -9.5103325372D-001 -6.2980319643D-001
  2.1082174197D-001  0.0000000000D+000  2.5703278498D-002 -2.0710663627D-002
 -1.1935575987D-003 -7.7445946610D-003  0.0000000000D+000  0.0000000000D+000
 -4.1774879021D-002  6.4157560521D-002 -1.5249398232D-001 -2.2291962400D-001
  0.0000000000D+000  9.2386968347D-001 -7.6736933374D-001 -9.4269107270D-001
  0.0000000000D+000 -1.5116869741D-004 -1.9028543939D-003 -2.9077198857D-003
 -1.9983921386D-003  0.0000000000D+000  0.0000000000D+000  4.0472956309D-002
 -3.3327655346D-002  1.3053305435D-001 -1.1494199692D-001  0.0000000000D+000
 -7.5823781804D-001  9.7710356905D-001 -2.1845231042D-001  0.0000000000D+000
  2.4445012455D-002 -1.0982113826D-002 -8.2451698657D-003 -4.5787031381D-003
  0.0000000000D+000  0.0000000000D+000 -4.1479663673D-002 -2.3249962790D-001
  1.3447614564D-002  1.0256624302D+000  1.0217837080D-002 -3.4517828615D-001
 -3.1186854760D-002 -1.8853368498D-001 -3.1930527728D-003 -6.5287675471D-002
  5.7269849075D-002  5.6815010873D-003  0.0000000000D+000 -1.3579147407D-001
 -2.4632907924D-001  0.0000000000D+000  8.6450090823D-004  1.4324762061D-002
 -3.0489243337D-002  2.3625574966D-001  0.0000000000D+000  0.0000000000D+000
 -5.8097448269D-002  7.4701876210D-002  1.2695599115D-001  1.4145888221D-001
  0.0000000000D+000  1.2283539123D+000  8.5221101066D-001  1.5555017499D+000
  0.0000000000D+000 -1.5214615690D-002 -2.7946629300D-003  2.5318571660D-003
 -1.9557684599D-002  0.0000000000D+000  0.0000000000D+000 -5.6107862921D-002
  5.0299739494D-002 -1.8472887304D-001  1.3984357291D-001  0.0000000000D+000
  1.7656006610D+000 -1.0423905514D+000  5.7459602895D-001  0.0000000000D+000
  7.2219760801D-003 -1.2732378689D-002 -1.0442957630D-003  5.9350485760D-003
  0.0000000000D+000  0.0000000000D+000  5.5816616639D-003 -3.3839847311D-002
 -1.2764507345D-001  8.5600580051D-003  0.0000000000D+000  1.4534365894D-001
 -4.9272530914D-001  1.8958568508D-001  0.0000000000D+000 -2.1397290416D-002
  1.3928363068D-002  2.0172013199D-003 -8.6696860567D-003  0.0000000000D+000
  0.0000000000D+000  7.8347497304D-002 -8.7624913245D-002 -2.7358991859D-002
  1.5835991228D-001  0.0000000000D+000 -2.3542616544D+000  1.7892787167D-001
  1.1935894383D+000  0.0000000000D+000 -2.8425081515D-003  7.0254195209D-003
  1.1789519726D-003  2.7366235751D-002  0.0000000000D+000  0.0000000000D+000
  2.3453316525D-002 -2.4051432979D-002 -8.8956712675D-002  1.1845585891D-001
  0.0000000000D+000 -7.6822275171D-001 -9.2109248430D-001  8.8639521702D-001
  0.0000000000D+000 -2.3475867203D-002  2.7205342968D-002 -1.5689989483D-004
 -2.6915934325D-002  0.0000000000D+000  0.0000000000D+000  1.0620661954D-003
 -7.3653962013D-003  3.3537851333D-002 -1.0177606720D-001  0.0000000000D+000
  1.4205705839D-001 -3.2275923064D-001 -9.5657249798D-001  0.0000000000D+000
 -2.3403720863D-002  2.2839824234D-002  3.8717730238D-003 -1.0005266853D-003
  0.0000000000D+000  0.0000000000D+000 -7.0311300656D-002 -3.0222530363D-001
 -4.5161443444D-002 -1.3319408798D-001  3.9665222644D-002 -6.8517764764D-001
  5.0997105651D-002  6.4518521045D-001  1.8686965398D-002  1.6990763012D-001
 -1.2227190486D-001  2.0932661771D-001  0.0000000000D+000  3.7842902971D-001
 -4.0124457271D-001  0.0000000000D+000  2.8607336591D-004 -4.3600107451D-003
  6.3571861699D-002  1.9286379114D-001  0.0000000000D+000  0.0000000000D+000
GEOMETRY2
  6        1.12735675437000       -0.02657022076720        0.00000000000000
  6        6.25537871896000       -0.11123477231800        0.00000000000000
  7        2.24438333834000       -2.25474678706000        0.00000000000000
  6        2.39588009187000        2.29299847424000       -0.00000000000000
  6        5.02747495118000        2.22431006810000       -0.00000000000000
  6        4.78112013142000       -2.29157798416000        0.00000000000000
  1        1.36655466848000        4.06321931682000       -0.00000000000001
  1        6.10007123544000        3.97545838662000       -0.00000000000001
  1        5.64730825552000       -4.15604656575000        0.00000000000001
  1        8.30249706218000       -0.24103521910600        0.00000000000000
 53       -2.91793166938000       -0.00728154339046        0.00000000000000
HESSIAN 6-31G(d)<Kr
  33
  4.4884806221D-001
 -7.6227388556D-003  6.3486623321D-001
  0.0000000000D+000  1.9654289005D-012  1.2339010706D-001
  1.6968882312D-003 -1.3620057398D-002  0.0000000000D+000  7.6314714078D-001
  3.2868892783D-003 -7.8230914544D-002  0.0000000000D+000 -8.2107932782D-003
  6.7030219867D-001
  1.0570619120D-012  0.0000000000D+000 -9.8937485075D-003  0.0000000000D+000
  0.0000000000D+000  1.2667756022D-001
 -1.4896461635D-001  9.7353867331D-002  0.0000000000D+000 -5.0604572366D-002
 -8.6864860330D-002  0.0000000000D+000  5.8591224456D-001
  8.5149185691D-002 -2.9764664507D-001 -2.5836072671D-012 -1.9012924208D-002
  4.7222760416D-002  1.7570707100D-012 -1.2831369998D-001  4.5403207436D-001
  0.0000000000D+000 -3.4668778984D-012 -6.6902661344D-002  0.0000000000D+000
  0.0000000000D+000  2.1688552955D-002  0.0000000000D+000  3.6486837490D-012
  8.9452766689D-002
 -1.5155913198D-001 -5.0273003586D-002  0.0000000000D+000 -2.1459731153D-002
  7.6579070804D-002 -1.1261352629D-012  6.6749023944D-002 -2.2674560244D-002
  0.0000000000D+000  6.8423268938D-001
 -1.1228132618D-001 -2.6790601589D-001  1.1652962211D-012  3.3158745724D-002
  3.5870461475D-002  0.0000000000D+000  3.7062312929D-002 -7.1828102027D-002
  0.0000000000D+000 -6.3445983051D-002  7.2812631830D-001
  0.0000000000D+000  0.0000000000D+000 -6.1827842380D-002  0.0000000000D+000
  0.0000000000D+000  5.5085796000D-003  1.7706499622D-012  0.0000000000D+000
  1.9094055369D-002  0.0000000000D+000  0.0000000000D+000  1.2423228574D-001
 -2.9627735295D-002 -8.7417423359D-002  0.0000000000D+000 -1.7739193566D-001
  5.3663899028D-002  0.0000000000D+000 -5.6959392864D-002  3.9414505310D-002
  0.0000000000D+000 -3.4873861548D-001  4.2147211311D-002  0.0000000000D+000
  6.9490126234D-001
 -2.5214693534D-002  3.9897010959D-002  0.0000000000D+000  1.1927065542D-001
 -2.9805141858D-001  0.0000000000D+000  3.8476630387D-002 -1.9677556688D-002
  0.0000000000D+000 -2.7774388467D-002 -1.3203685671D-001  0.0000000000D+000
  3.4880161457D-002  7.3035001469D-001
  0.0000000000D+000  0.0000000000D+000  8.5689776778D-003  0.0000000000D+000
  1.5986488750D-012 -6.1106814506D-002  0.0000000000D+000  0.0000000000D+000
 -8.1342796785D-003  1.0089660006D-012  0.0000000000D+000 -5.9469164375D-002
  0.0000000000D+000 -1.2890181411D-012  1.3756724307D-001
 -5.6214433641D-002  1.0481184275D-001  0.0000000000D+000 -1.8925204166D-001
 -5.3031075667D-002  1.3317067870D-012 -3.3235249625D-001 -1.4234756325D-002
 -1.8148649658D-012 -5.6280364703D-002 -4.0344058524D-002 -1.0290715592D-012
  7.3660755762D-002 -3.2269974108D-002  0.0000000000D+000  6.6776465092D-001
  4.7045217602D-002  3.3240384676D-003  0.0000000000D+000 -1.2425108427D-001
 -2.8216781366D-001 -1.1946471135D-012  2.1996004323D-002 -1.0638026167D-001
  0.0000000000D+000 -2.5017357699D-002 -1.8034015169D-002  0.0000000000D+000
  1.8081208452D-002 -5.9421090707D-002  0.0000000000D+000 -3.8921192080D-002
  7.5366743493D-001
  0.0000000000D+000  1.2559015310D-012  4.9060164934D-003  0.0000000000D+000
  0.0000000000D+000 -6.6255221473D-002  0.0000000000D+000 -2.0294401517D-012
 -6.2441958872D-002  0.0000000000D+000  0.0000000000D+000 -7.4286920928D-003
  0.0000000000D+000  0.0000000000D+000  7.1244475997D-003  0.0000000000D+000
  1.8244506928D-012  1.5208119433D-001
  1.0534923936D-002 -1.6534288382D-002  0.0000000000D+000 -5.1507167800D-003
 -1.5799825699D-003  0.0000000000D+000  4.9635755856D-005 -3.5530789160D-003
  0.0000000000D+000 -1.3076120254D-001  1.2875898985D-001  0.0000000000D+000
 -1.0584918301D-002  2.8273864436D-002  0.0000000000D+000 -1.5378183033D-003
 -8.3389415803D-004  0.0000000000D+000  1.3682574336D-001
  1.7382638564D-002 -1.8552687871D-002  0.0000000000D+000 -7.9713232125D-004
  1.6889713533D-003  0.0000000000D+000 -3.5390897098D-003 -4.1054266151D-003
  0.0000000000D+000  1.2531453145D-001 -2.7581674812D-001  0.0000000000D+000
 -1.8871601304D-003  4.9803246468D-003  0.0000000000D+000 -1.7819461392D-003
  5.7630950503D-004  0.0000000000D+000 -1.3474056415D-001  2.8974132005D-001
  0.0000000000D+000  0.0000000000D+000 -1.3022890475D-003  0.0000000000D+000
  0.0000000000D+000  8.3092942500D-003  0.0000000000D+000  0.0000000000D+000
  7.5779156888D-003  0.0000000000D+000  0.0000000000D+000 -3.5591853080D-002
  0.0000000000D+000  0.0000000000D+000  2.9753605151D-003  0.0000000000D+000
  0.0000000000D+000 -2.4545891132D-004  0.0000000000D+000  0.0000000000D+000
  2.4933184358D-002
 -4.4437442749D-003  7.9191050059D-004  0.0000000000D+000  1.2823089179D-002
  1.3851575546D-002  0.0000000000D+000 -4.7760075251D-004  7.7195832829D-004
  0.0000000000D+000 -1.1884739236D-002 -2.8633986471D-002  0.0000000000D+000
 -1.3719180352D-001 -1.2498189076D-001  0.0000000000D+000 -1.0388608312D-003
  3.4108709865D-003  0.0000000000D+000  1.1686545383D-003  3.0833682553D-004
  0.0000000000D+000  1.4101204303D-001
  7.4100661398D-004  1.6983024359D-003  0.0000000000D+000 -1.7120317297D-002
 -1.8153909123D-002  0.0000000000D+000  4.8646323334D-004  4.9118150504D-004
  0.0000000000D+000  2.1277786359D-003  4.7866417361D-003  0.0000000000D+000
 -1.2474030467D-001 -2.6463539628D-001  0.0000000000D+000  4.4763209127D-003
 -3.5838896095D-003  0.0000000000D+000 -2.8630549797D-004  7.4559271263D-004
  0.0000000000D+000  1.3478941607D-001  2.7845771121D-001
  0.0000000000D+000  0.0000000000D+000  8.5326135300D-003  0.0000000000D+000
  0.0000000000D+000  4.5015217901D-003  0.0000000000D+000  0.0000000000D+000
 -3.3127406108D-003  0.0000000000D+000  0.0000000000D+000  4.6156144058D-003
  0.0000000000D+000  1.0499705473D-012 -4.0133173157D-002  0.0000000000D+000
  0.0000000000D+000  7.9853690597D-003  0.0000000000D+000  0.0000000000D+000
 -4.1620967515D-003  0.0000000000D+000  0.0000000000D+000  2.6325134755D-002
 -3.5089944982D-003  2.0096298958D-003  0.0000000000D+000  1.1777216633D-002
 -1.6674220062D-002  0.0000000000D+000 -2.7357562465D-002  3.0852505193D-002
  0.0000000000D+000 -7.9619530144D-004  6.3067611756D-005  0.0000000000D+000
 -1.9989329036D-003 -3.0491928056D-003  0.0000000000D+000 -9.5931515773D-002
  9.7143051885D-002  0.0000000000D+000  2.5329856048D-004  2.2924827603D-004
  0.0000000000D+000  5.1217039887D-004 -9.7753620953D-004  0.0000000000D+000
  1.1684804541D-001
 -1.9018176181D-003  3.0742575568D-003  0.0000000000D+000  1.2935103912D-002
 -1.7565484316D-002  0.0000000000D+000  5.2319448306D-003  5.8861761001D-003
  0.0000000000D+000 -5.7389365176D-004  4.0213899795D-004  0.0000000000D+000
 -4.1690480664D-003 -2.7827252272D-003  0.0000000000D+000  9.8363046503D-002
 -2.9636818731D-001  0.0000000000D+000  7.9353190109D-005 -5.3561299615D-005
  0.0000000000D+000  8.0673552121D-004 -9.7132674215D-004  0.0000000000D+000
 -1.1053157517D-001  3.0780880040D-001
  0.0000000000D+000  0.0000000000D+000  1.0529363673D-002  0.0000000000D+000
  0.0000000000D+000  6.2091932921D-003  0.0000000000D+000  0.0000000000D+000
 -4.3005721331D-003  0.0000000000D+000  0.0000000000D+000 -1.8804437946D-004
  0.0000000000D+000  0.0000000000D+000  7.2465942716D-003  0.0000000000D+000
  0.0000000000D+000 -4.1076027428D-002  0.0000000000D+000  0.0000000000D+000
 -1.8493340106D-003  0.0000000000D+000  0.0000000000D+000 -3.7138342685D-004
  0.0000000000D+000  0.0000000000D+000  2.6531345239D-002
  1.7480936085D-003 -9.6185476048D-004  0.0000000000D+000 -3.4317096822D-001
  1.7000442531D-002  0.0000000000D+000 -1.0272346863D-003 -3.0561473479D-003
  0.0000000000D+000  9.7353096233D-004  2.5736655043D-003  0.0000000000D+000
 -9.1958277952D-003 -1.4938237482D-003  0.0000000000D+000 -1.2451381069D-002
  5.5348149192D-003  0.0000000000D+000 -4.2133373670D-004 -2.7864083192D-004
  0.0000000000D+000  7.9011498122D-004  2.0617165720D-004  0.0000000000D+000
  5.4571671812D-004 -3.5894103889D-004  0.0000000000D+000  3.6252282664D-001
  9.5250975202D-004 -3.0772743182D-003  0.0000000000D+000  1.7052297897D-002
 -6.1643339314D-002  0.0000000000D+000 -4.5998527312D-003 -3.1533612000D-003
  0.0000000000D+000  1.8230194717D-003 -4.9901925644D-003  0.0000000000D+000
  2.9736902571D-002  3.5280542580D-003  0.0000000000D+000 -2.6816884609D-002
  8.7006228129D-003  0.0000000000D+000  1.4481031894D-003  2.1210940575D-004
  0.0000000000D+000 -5.7762641723D-004  1.1151409198D-003  0.0000000000D+000
  6.5994846037D-004  5.7112860285D-004  0.0000000000D+000 -1.9225630273D-002
  5.8436077143D-002
  0.0000000000D+000  0.0000000000D+000 -2.0387332024D-004  0.0000000000D+000
  0.0000000000D+000 -3.5350667073D-002  0.0000000000D+000  0.0000000000D+000
  7.8587049001D-003  0.0000000000D+000  0.0000000000D+000  7.4309898415D-003
  0.0000000000D+000  0.0000000000D+000  2.0413614928D-003  0.0000000000D+000
  0.0000000000D+000  2.6546639126D-004  0.0000000000D+000  0.0000000000D+000
  3.4498458998D-004  0.0000000000D+000  0.0000000000D+000 -3.7683166848D-003
  0.0000000000D+000  0.0000000000D+000 -3.0029442501D-003  0.0000000000D+000
  0.0000000000D+000  2.5402890077D-002
 -6.8536448989D-002 -2.8527622939D-002  0.0000000000D+000 -2.4775292363D-003
  1.9876339486D-003  0.0000000000D+000 -3.4939314316D-002  3.4641929107D-002
  0.0000000000D+000 -3.0504497806D-002  9.7284386879D-004  0.0000000000D+000
  3.1805956982D-003 -6.1618083909D-003  0.0000000000D+000  3.6532734896D-003
 -4.1738710422D-003  0.0000000000D+000 -3.7290379698D-004 -2.1323985976D-004
  0.0000000000D+000 -1.2670859846D-003  3.0260499854D-004  0.0000000000D+000
 -3.4260423100D-004  1.1623733878D-004  0.0000000000D+000 -3.0813475706D-004
 -4.5285808432D-004  0.0000000000D+000  1.3192121565D-001
 -7.5354842861D-003 -1.7436497113D-002  0.0000000000D+000  5.9884993186D-004
  7.7626686411D-004  0.0000000000D+000  2.2691509284D-002 -4.8457003489D-003
  0.0000000000D+000 -1.6060862402D-002  1.4496252034D-003  0.0000000000D+000
  2.5358062226D-004 -2.1887611306D-003  0.0000000000D+000 -2.3123181710D-004
 -3.4801007359D-004  0.0000000000D+000 -1.0308775684D-003  5.7948983834D-004
  0.0000000000D+000 -5.3526665881D-004  5.0931813555D-005  0.0000000000D+000
  2.7703012632D-004  1.6317368253D-006  0.0000000000D+000  6.1766977593D-005
  3.0228713213D-004  0.0000000000D+000  1.5070568610D-003  2.1655219940D-002
 -1.2808585222D-012  0.0000000000D+000 -1.5837105189D-002  0.0000000000D+000
  0.0000000000D+000 -2.6595497173D-004  0.0000000000D+000  0.0000000000D+000
 -5.4605953700D-004  0.0000000000D+000  0.0000000000D+000  3.6680287258D-003
  0.0000000000D+000  0.0000000000D+000  3.2918131572D-003  0.0000000000D+000
  0.0000000000D+000  5.0584721911D-003  0.0000000000D+000  0.0000000000D+000
 -9.9069105049D-004  0.0000000000D+000  0.0000000000D+000 -2.1289105159D-004
  0.0000000000D+000  0.0000000000D+000  2.7004993187D-004  0.0000000000D+000
  0.0000000000D+000 -1.0208499993D-003  1.0720172380D-012  0.0000000000D+000
  6.5850335164D-003
