C OPT B3LYP 6-31G* FREQ NMR POLAR CONVERGE
C SCFTOLERANCE=VERYHIGH GRADIENTTOLERANCE=0.000005
 DISTANCETOLERANCE=0.00002 BIGGRID
M0001
0 1
 1  -1.893520058  -1.088348737   4.476394851
 6  -1.325978618  -0.915684936   3.567942073
 6   0.251500175  -0.491062944   1.274867637
 6  -1.939693247  -0.482314252   2.386737177
 6   0.035440399  -1.184770174   3.612582508
 6   0.822733978  -0.991381210   2.482757674
 6  -1.180454583  -0.291674509   1.199282813
 1   0.449805387  -1.541799100   4.548826454
15  -1.979283701   0.090283003  -0.426197977
 6   1.198653171  -0.201884801   0.141449875
 6   3.044739098   0.326422909  -1.982232954
 6   1.492677151  -1.198681301  -0.838603392
 6   1.918132317   1.038487637   0.084825591
 6   2.813521796   1.271939864  -0.982501636
 6   2.395909239  -0.904306899  -1.883798141
 1   3.368731923   2.205780230  -1.020559275
 1   2.622785708  -1.667807563  -2.624619387
 6   0.942436910  -2.623390233  -0.751054872
 1   0.122832439  -2.657640350  -0.029783923
 6   0.373731972  -3.129286563  -2.083407220
 1   1.157523082  -3.336346705  -2.819619354
 1  -0.310267084  -2.399209746  -2.523371677
 1  -0.177350410  -4.063997241  -1.931671879
 6   2.019401534  -3.593638270  -0.250784702
 1   2.419456646  -3.281518490   0.718184049
 1   2.861644475  -3.661555135  -0.948384456
 1   1.604181139  -4.600187913  -0.130371290
 6   4.009716422   0.586660277  -3.124428803
 1   3.983580862  -0.273063348  -3.807228681
 6   5.448639382   0.720031481  -2.620122851
 1   5.747570594  -0.166866905  -2.050280187
 1   5.575253063   1.592338621  -1.969597885
 1   6.142817241   0.828079312  -3.460525696
 6   3.602093448   1.814214081  -3.943843351
 1   3.663643232   2.738321827  -3.358980498
 1   2.573284084   1.717308329  -4.308270880
 1   4.256687149   1.929336595  -4.814608599
 6   1.838886106   2.101840419   1.189532561
 1   0.915577459   1.962430606   1.759970349
 6   1.812994453   3.549761561   0.665726359
 1   1.497635917   4.232518418   1.462833723
 1   1.128709984   3.675088130  -0.175573986
 1   2.801744455   3.884909432   0.332702882
 6   3.021135607   1.978404468   2.161001673
 1   2.942429146   2.724492040   2.959600126
 1   3.979166465   2.133983048   1.651760562
 1   3.063241036   0.998227640   2.636494631
 8  -3.290785118  -0.264058693   2.324270428
 8   2.169236882  -1.270461934   2.453845620
 6  -4.027169982  -0.187888572   3.538023651
 1  -5.041251367   0.141382863   3.291506457
 1  -3.596836632   0.550785717   4.222378222
 1  -4.105106315  -1.172535796   4.009557998
 6   2.744935355  -1.931806426   3.571014598
 1   2.249618148  -2.888713172   3.765891692
 1   2.731768091  -1.288840059   4.456860334
 1   3.791339860  -2.142866083   3.330462741
 6  -2.620625386   1.831591958  -0.429763186
 6  -3.264560133   2.170479484  -1.791159245
 6  -1.414082408   2.779959855  -0.292690202
 1  -4.208305901   1.645371579  -1.952315889
 1  -0.945203977   2.679320075   0.689922435
 6  -3.319673254  -1.144101844  -0.824358031
 6  -2.980874356  -2.540900513  -0.261124602
 6  -3.357091304  -1.294799891  -2.369789689
 1  -2.007117012  -2.895861545  -0.602358439
 1  -2.380848688  -1.571013310  -2.781043538
 1  -2.983761410  -2.562643911   0.832470495
 1  -3.672042739  -0.374382578  -2.870704802
 6  -4.749369007  -0.809994509  -0.382601776
 1  -5.123381810   0.117000827  -0.820497224
 1  -4.861657343  -0.742657311   0.698632906
 1  -3.717384552  -3.285609721  -0.588246582
 1  -4.064773918  -2.076737867  -2.672071969
 1  -5.445864332  -1.594548365  -0.706732544
 6  -3.596090109   2.205088366   0.691052428
 1  -3.120883801   2.161336050   1.676259388
 1  -4.487506551   1.577813992   0.715875809
 1  -3.948414445   3.237471360   0.570030791
 1  -2.599336133   1.929827735  -2.629364242
 1  -0.659788810   2.587502937  -1.064481294
 1  -3.495262939   3.240858645  -1.862001050
 1  -1.715945549   3.830188053  -0.389801702
ENDCART
ATOMLABELS
"*H3"
"*C3"
"*C6"
"*C2"
"*C4"
"*C5"
"*C1"
"*H4"
"*P1"
"*C7"
"*C10"
"*C8"
"*C12"
"*C11"
"*C9"
"*H11"
"*H9"
"*C13"
"H28"
"C24"
"H4"
"H30"
"H31"
"C25"
"H29"
"H32"
"H33"
"*C14"
"H35"
"C27"
"H27"
"H36"
"H37"
"C28"
"H34"
"H38"
"H39"
"*C15"
"H41"
"C30"
"H24"
"H42"
"H43"
"C31"
"H40"
"H44"
"H45"
"O1"
"O2"
"C4"
"H2"
"H12"
"H15"
"C5"
"H5"
"H16"
"H17"
"*C17"
"C7"
"C8"
"H14"
"H18"
"*C16"
"C13"
"C14"
"H22"
"H23"
"H48"
"H49"
"C19"
"H11"
"H25"
"H60"
"H65"
"H66"
"C1"
"H1"
"H19"
"H20"
"H21"
"H46"
"H54"
"H55"
ENDATOMLABELS
HESSIAN
   13    3    3    3    3    3    3   13   12    3    3    3
    3    3    3   13   13    1   13    1   13   13   13    1
   13   13   13    1   13    1   13   13   13    1   13   13
   13    1   13    1   13   13   13    1   13   13   13    8
    8    1   13   13   13    1   13   13   13    1    1    1
   13   13    1    1    1   13   13   13   13    1   13   13
   13   13   13    1   13   13   13   13   13   13   13
    1    2    1
    2    5    5
    5    6    5
    3    6    5
    3    7    5
    4    7    5
    2    4    5
    5    8    1
    7    9    1
   10   13    5
   13   14    5
   11   14    5
   11   15    5
   12   15    5
   10   12    5
   14   16    1
   15   17    1
    3   10    1
   18   19    1
   12   18    1
   20   21    1
   20   22    1
   20   23    1
   18   20    1
   24   25    1
   24   26    1
   24   27    1
   18   24    1
   28   29    1
   11   28    1
   30   31    1
   30   32    1
   30   33    1
   28   30    1
   34   35    1
   34   36    1
   34   37    1
   28   34    1
   38   39    1
   13   38    1
   40   41    1
   40   42    1
   40   43    1
   38   40    1
   44   45    1
   44   46    1
   44   47    1
   38   44    1
    4   48    1
    6   49    1
   50   51    1
   50   52    1
   50   53    1
   48   50    1
   54   55    1
   54   56    1
   54   57    1
   49   54    1
   58   59    1
   58   60    1
   59   61    1
   60   62    1
    9   58    1
   63   64    1
   63   65    1
   64   66    1
   64   68    1
   65   67    1
   65   69    1
    9   63    1
   70   71    1
   70   72    1
   63   70    1
   64   73    1
   65   74    1
   70   75    1
   76   77    1
   76   78    1
   76   79    1
   58   76    1
   59   80    1
   60   81    1
   59   82    1
   60   83    1
ENDHESS
BEGINPROPIN
C DOQSAR PRINTMO THERMO PRINTFREQ PRINTCHG
C NBO POP PROPPRINTLEV=2 PROPRERUN PRINTVIBCOORDS
 PROP:IGNORE_WARN
ENDPROPIN
BEGINPREFERENCES
 MM:CONF_SELECTION_RULE=2
ENDPREFERENCES
