External AB INITIO PROGRAM: converted archive file
Jobname.Temp
  11 112  37  89   0   1  34   0 RB3LYP   6-31G(d)<Kr     NOOPTOPT FREQ        
GEOMETRY
  6     1.0785055    -0.0301775    -0.0000000
  6     6.2115974     0.1744546     0.0000000
  6     2.4103661     2.2527157     0.0000000
  6     2.4121801    -2.3023001    -0.0000000
  6     5.0457215    -2.1895143    -0.0000000
  7     4.9338824     2.3569638     0.0000000
  1     1.4341720    -4.1041994    -0.0000000
  1     6.1671796    -3.9084266    -0.0000000
  1     8.2624092     0.3288971     0.0000000
  1     1.4143299     4.0497125     0.0000000
 53    -2.9201036    -0.0055812    -0.0000000
BASIS
   0   6   1   1   0
   1   3   7   1   0
   1   1  10   1   0
   2   1  11   1   0
   0   6  12   2   0
   1   3  18   2   0
   1   1  21   2   0
   2   1  22   2   0
   0   6  23   3   0
   1   3  29   3   0
   1   1  32   3   0
   2   1  33   3   0
   0   6  34   4   0
   1   3  40   4   0
   1   1  43   4   0
   2   1  44   4   0
   0   6  45   5   0
   1   3  51   5   0
   1   1  54   5   0
   2   1  55   5   0
   0   6  56   6   0
   1   3  62   6   0
   1   1  65   6   0
   2   1  66   6   0
   0   3  67   7   0
   0   1  70   7   0
   0   3  71   8   0
   0   1  74   8   0
   0   3  75   9   0
   0   1  78   9   0
   0   3  79  10   0
   0   1  82  10   0
   0   2  83  11   0
   0   1  85  11   0
   1   2  86  11   1
   1   1  88  11   1
   2   1  89  11   0
  3.0475249000D+003
  5.3633438234D-001  0.0000000000D+000  0.0000000000D+000  0.0000000000D+000
  4.5736951000D+002
  9.8945060758D-001  0.0000000000D+000  0.0000000000D+000  0.0000000000D+000
  1.0394869000D+002
  1.5972822308D+000  0.0000000000D+000  0.0000000000D+000  0.0000000000D+000
  2.9210155000D+001
  2.0791870615D+000  0.0000000000D+000  0.0000000000D+000  0.0000000000D+000
  9.2866630000D+000
  1.7741742532D+000  0.0000000000D+000  0.0000000000D+000  0.0000000000D+000
  3.1639270000D+000
  6.1257982601D-001  0.0000000000D+000  0.0000000000D+000  0.0000000000D+000
  7.8682724000D+000
 -3.9955635160D-001  1.2960827175D+000  0.0000000000D+000  0.0000000000D+000
  1.8812885000D+000
 -1.8415523929D-001  9.9375362822D-001  0.0000000000D+000  0.0000000000D+000
  5.4424930000D-001
  5.1639037938D-001  4.9595271376D-001  0.0000000000D+000  0.0000000000D+000
  1.6871440000D-001
  1.8761787212D-001  1.5412755095D-001  0.0000000000D+000  0.0000000000D+000
  8.0000000000D-001
  0.0000000000D+000  0.0000000000D+000  1.1138249281D+000  0.0000000000D+000
  3.0475249000D+003
  5.3633438234D-001  0.0000000000D+000  0.0000000000D+000  0.0000000000D+000
  4.5736951000D+002
  9.8945060758D-001  0.0000000000D+000  0.0000000000D+000  0.0000000000D+000
  1.0394869000D+002
  1.5972822308D+000  0.0000000000D+000  0.0000000000D+000  0.0000000000D+000
  2.9210155000D+001
  2.0791870615D+000  0.0000000000D+000  0.0000000000D+000  0.0000000000D+000
  9.2866630000D+000
  1.7741742532D+000  0.0000000000D+000  0.0000000000D+000  0.0000000000D+000
  3.1639270000D+000
  6.1257982601D-001  0.0000000000D+000  0.0000000000D+000  0.0000000000D+000
  7.8682724000D+000
 -3.9955635160D-001  1.2960827175D+000  0.0000000000D+000  0.0000000000D+000
  1.8812885000D+000
 -1.8415523929D-001  9.9375362822D-001  0.0000000000D+000  0.0000000000D+000
  5.4424930000D-001
  5.1639037938D-001  4.9595271376D-001  0.0000000000D+000  0.0000000000D+000
  1.6871440000D-001
  1.8761787212D-001  1.5412755095D-001  0.0000000000D+000  0.0000000000D+000
  8.0000000000D-001
  0.0000000000D+000  0.0000000000D+000  1.1138249281D+000  0.0000000000D+000
  3.0475249000D+003
  5.3633438234D-001  0.0000000000D+000  0.0000000000D+000  0.0000000000D+000
  4.5736951000D+002
  9.8945060758D-001  0.0000000000D+000  0.0000000000D+000  0.0000000000D+000
  1.0394869000D+002
  1.5972822308D+000  0.0000000000D+000  0.0000000000D+000  0.0000000000D+000
  2.9210155000D+001
  2.0791870615D+000  0.0000000000D+000  0.0000000000D+000  0.0000000000D+000
  9.2866630000D+000
  1.7741742532D+000  0.0000000000D+000  0.0000000000D+000  0.0000000000D+000
  3.1639270000D+000
  6.1257982601D-001  0.0000000000D+000  0.0000000000D+000  0.0000000000D+000
  7.8682724000D+000
 -3.9955635160D-001  1.2960827175D+000  0.0000000000D+000  0.0000000000D+000
  1.8812885000D+000
 -1.8415523929D-001  9.9375362822D-001  0.0000000000D+000  0.0000000000D+000
  5.4424930000D-001
  5.1639037938D-001  4.9595271376D-001  0.0000000000D+000  0.0000000000D+000
  1.6871440000D-001
  1.8761787212D-001  1.5412755095D-001  0.0000000000D+000  0.0000000000D+000
  8.0000000000D-001
  0.0000000000D+000  0.0000000000D+000  1.1138249281D+000  0.0000000000D+000
  3.0475249000D+003
  5.3633438234D-001  0.0000000000D+000  0.0000000000D+000  0.0000000000D+000
  4.5736951000D+002
  9.8945060758D-001  0.0000000000D+000  0.0000000000D+000  0.0000000000D+000
  1.0394869000D+002
  1.5972822308D+000  0.0000000000D+000  0.0000000000D+000  0.0000000000D+000
  2.9210155000D+001
  2.0791870615D+000  0.0000000000D+000  0.0000000000D+000  0.0000000000D+000
  9.2866630000D+000
  1.7741742532D+000  0.0000000000D+000  0.0000000000D+000  0.0000000000D+000
  3.1639270000D+000
  6.1257982601D-001  0.0000000000D+000  0.0000000000D+000  0.0000000000D+000
  7.8682724000D+000
 -3.9955635160D-001  1.2960827175D+000  0.0000000000D+000  0.0000000000D+000
  1.8812885000D+000
 -1.8415523929D-001  9.9375362822D-001  0.0000000000D+000  0.0000000000D+000
  5.4424930000D-001
  5.1639037938D-001  4.9595271376D-001  0.0000000000D+000  0.0000000000D+000
  1.6871440000D-001
  1.8761787212D-001  1.5412755095D-001  0.0000000000D+000  0.0000000000D+000
  8.0000000000D-001
  0.0000000000D+000  0.0000000000D+000  1.1138249281D+000  0.0000000000D+000
  3.0475249000D+003
  5.3633438234D-001  0.0000000000D+000  0.0000000000D+000  0.0000000000D+000
  4.5736951000D+002
  9.8945060758D-001  0.0000000000D+000  0.0000000000D+000  0.0000000000D+000
  1.0394869000D+002
  1.5972822308D+000  0.0000000000D+000  0.0000000000D+000  0.0000000000D+000
  2.9210155000D+001
  2.0791870615D+000  0.0000000000D+000  0.0000000000D+000  0.0000000000D+000
  9.2866630000D+000
  1.7741742532D+000  0.0000000000D+000  0.0000000000D+000  0.0000000000D+000
  3.1639270000D+000
  6.1257982601D-001  0.0000000000D+000  0.0000000000D+000  0.0000000000D+000
  7.8682724000D+000
 -3.9955635160D-001  1.2960827175D+000  0.0000000000D+000  0.0000000000D+000
  1.8812885000D+000
 -1.8415523929D-001  9.9375362822D-001  0.0000000000D+000  0.0000000000D+000
  5.4424930000D-001
  5.1639037938D-001  4.9595271376D-001  0.0000000000D+000  0.0000000000D+000
  1.6871440000D-001
  1.8761787212D-001  1.5412755095D-001  0.0000000000D+000  0.0000000000D+000
  8.0000000000D-001
  0.0000000000D+000  0.0000000000D+000  1.1138249281D+000  0.0000000000D+000
  4.1735110000D+003
  6.7900795717D-001  0.0000000000D+000  0.0000000000D+000  0.0000000000D+000
  6.2745790000D+002
  1.2504643275D+000  0.0000000000D+000  0.0000000000D+000  0.0000000000D+000
  1.4290210000D+002
  2.0203691378D+000  0.0000000000D+000  0.0000000000D+000  0.0000000000D+000
  4.0234330000D+001
  2.6442129843D+000  0.0000000000D+000  0.0000000000D+000  0.0000000000D+000
  1.2820210000D+001
  2.2650039968D+000  0.0000000000D+000  0.0000000000D+000  0.0000000000D+000
  4.3904370000D+000
  7.7918723086D-001  0.0000000000D+000  0.0000000000D+000  0.0000000000D+000
  1.1626358000D+001
 -5.1587381029D-001  2.0680595460D+000  0.0000000000D+000  0.0000000000D+000
  2.7162800000D+000
 -2.5502391857D-001  1.6100106206D+000  0.0000000000D+000  0.0000000000D+000
  7.7221800000D-001
  6.7273441626D-001  7.6448998766D-001  0.0000000000D+000  0.0000000000D+000
  2.1203130000D-001
  2.2269479901D-001  2.0508790938D-001  0.0000000000D+000  0.0000000000D+000
  8.0000000000D-001
  0.0000000000D+000  0.0000000000D+000  1.1138249281D+000  0.0000000000D+000
  1.8731137000D+001
  2.1493541833D-001  0.0000000000D+000  0.0000000000D+000  0.0000000000D+000
  2.8253937000D+000
  3.6457112721D-001  0.0000000000D+000  0.0000000000D+000  0.0000000000D+000
  6.4012170000D-001
  4.1505142766D-001  0.0000000000D+000  0.0000000000D+000  0.0000000000D+000
  1.6127780000D-001
  1.8138068393D-001  0.0000000000D+000  0.0000000000D+000  0.0000000000D+000
  1.8731137000D+001
  2.1493541833D-001  0.0000000000D+000  0.0000000000D+000  0.0000000000D+000
  2.8253937000D+000
  3.6457112721D-001  0.0000000000D+000  0.0000000000D+000  0.0000000000D+000
  6.4012170000D-001
  4.1505142766D-001  0.0000000000D+000  0.0000000000D+000  0.0000000000D+000
  1.6127780000D-001
  1.8138068393D-001  0.0000000000D+000  0.0000000000D+000  0.0000000000D+000
  1.8731137000D+001
  2.1493541833D-001  0.0000000000D+000  0.0000000000D+000  0.0000000000D+000
  2.8253937000D+000
  3.6457112721D-001  0.0000000000D+000  0.0000000000D+000  0.0000000000D+000
  6.4012170000D-001
  4.1505142766D-001  0.0000000000D+000  0.0000000000D+000  0.0000000000D+000
  1.6127780000D-001
  1.8138068393D-001  0.0000000000D+000  0.0000000000D+000  0.0000000000D+000
  1.8731137000D+001
  2.1493541833D-001  0.0000000000D+000  0.0000000000D+000  0.0000000000D+000
  2.8253937000D+000
  3.6457112721D-001  0.0000000000D+000  0.0000000000D+000  0.0000000000D+000
  6.4012170000D-001
  4.1505142766D-001  0.0000000000D+000  0.0000000000D+000  0.0000000000D+000
  1.6127780000D-001
  1.8138068393D-001  0.0000000000D+000  0.0000000000D+000  0.0000000000D+000
  7.2420000000D-001
 -1.6634670151D+000  0.0000000000D+000  0.0000000000D+000  0.0000000000D+000
  4.6530000000D-001
  1.3984081897D+000  0.0000000000D+000  0.0000000000D+000  0.0000000000D+000
  1.3360000000D-001
  1.5749433457D-001  0.0000000000D+000  0.0000000000D+000  0.0000000000D+000
  1.2900000000D+000
  0.0000000000D+000 -4.1003146398D-001  0.0000000000D+000  0.0000000000D+000
  3.1800000000D-001
  0.0000000000D+000  3.7562976821D-001  0.0000000000D+000  0.0000000000D+000
  1.0530000000D-001
  0.0000000000D+000  8.5501857921D-002  0.0000000000D+000  0.0000000000D+000
  2.9400000000D-001
  0.0000000000D+000  0.0000000000D+000  1.9320452087D-001  0.0000000000D+000
ENERGY
 -2.5906787676D+002   0.0000000000D+00
WAVEFUNC   6-31G(d)<Kr   QCHEM 
 -1.4345211394D+001 -1.0251324623D+001 -1.0240130687D+001 -1.0235651822D+001
 -1.0227277562D+001 -1.0215350873D+001 -9.5514497369D-001 -8.2428002033D-001
 -7.8201651372D-001 -6.9234346157D-001 -6.4608127354D-001 -6.2048595553D-001
 -5.3497699267D-001 -4.9832649153D-001 -4.6701527344D-001 -4.2306305663D-001
 -4.1877030404D-001 -4.1374239628D-001 -3.6355519326D-001 -3.1813294888D-001
 -2.9092256713D-001 -2.7699724261D-001 -2.6432545218D-001 -2.4949082669D-001
 -3.9475040984D-002 -3.8113797916D-002 -2.6486068439D-002  1.0139208351D-001
  1.2731276205D-001  1.4796742856D-001  1.4838796254D-001  1.6714368741D-001
  2.1400128956D-001  2.6323676729D-001                                      
  3.2475521229D-006  5.3701882856D-005 -5.0028385125D-005 -1.9232914503D-005
  0.0000000000D+000 -7.8444603824D-004 -2.2660819746D-004 -4.2178506787D-004
  0.0000000000D+000 -5.2882201268D-005 -6.3003058568D-006 -1.2472553494D-005
 -5.9127174048D-005  0.0000000000D+000  0.0000000000D+000  3.6962002515D-005
  3.6274572513D-004 -8.4088107922D-005  1.6764380428D-004  0.0000000000D+000
  1.5633111041D-004 -1.9082053713D-004 -8.1000423689D-004  0.0000000000D+000
 -9.7032379084D-005 -1.7183115129D-004 -2.5528048704D-005  1.9085264487D-004
  0.0000000000D+000  0.0000000000D+000  3.6579587623D-005  3.5740458025D-004
  1.8136262097D-004  1.7770197279D-005  0.0000000000D+000  2.0574759741D-004
 -6.0428288035D-004 -6.4495192483D-004  0.0000000000D+000 -3.0412171944D-004
  3.3805509375D-005 -2.6909001606D-005  4.2275681875D-005  0.0000000000D+000
  0.0000000000D+000 -4.4818751633D-006 -1.7007821355D-006 -1.3649946398D-005
 -2.4911540565D-005  0.0000000000D+000  2.3803128750D-005  1.6664402091D-004
  2.2425609286D-004  0.0000000000D+000 -2.5462908150D-005 -1.8590093667D-005
 -9.3614899006D-006  7.8430811111D-006  0.0000000000D+000  0.0000000000D+000
  2.8932637502D-006  5.6334221385D-005  1.0020507677D-005 -5.3639632326D-005
  0.0000000000D+000 -7.8052802925D-004 -1.6404581857D-004 -3.5850828386D-004
  0.0000000000D+000  2.4274574470D-005 -8.7082541518D-005 -1.1490134827D-005
  8.8271587268D-006  0.0000000000D+000  0.0000000000D+000  9.9274222190D-001
  3.4636858922D-002 -7.2923683765D-004 -1.3402932460D-003  0.0000000000D+000
  3.8755982623D-003  3.0719589146D-004  5.9633510341D-004  0.0000000000D+000
 -7.9355072301D-003 -8.0537915161D-003 -8.1896429086D-003 -1.0335250097D-004
  0.0000000000D+000  0.0000000000D+000  2.8963601013D-005  1.0034048319D-004
  2.6262763556D-005 -3.4629534864D-005  1.6697786660D-005  2.2762095862D-005
  1.7254363538D-005  3.3112291893D-005  9.9435770970D-006 -1.6193456767D-005
  7.1488946848D-006  1.6762806210D-005  0.0000000000D+000 -2.1822697740D-005
 -2.3175085778D-006  0.0000000000D+000 -9.4725287026D-007 -1.6431414024D-005
  3.1208103750D-007  1.0306397143D-005  0.0000000000D+000  0.0000000000D+000
  9.9251426792D-001  4.9429081308D-002 -2.0273454328D-004 -7.1925983747D-005
  0.0000000000D+000 -1.7809542333D-002 -2.9208208804D-003  3.2794186216D-004
  0.0000000000D+000 -9.4680787557D-003 -8.9967853647D-003 -9.3683599883D-003
 -1.6155983743D-005  0.0000000000D+000  0.0000000000D+000 -1.5768537615D-004
 -1.1108966298D-004 -1.8292623233D-005  3.2544121525D-005  0.0000000000D+000
  2.5187244404D-003 -1.4384047819D-003 -2.6311248770D-004  0.0000000000D+000
  3.8504439943D-005  3.9842162650D-005 -3.9858278002D-005  6.8290864630D-006
  0.0000000000D+000  0.0000000000D+000  2.3713559108D-002  6.5773715944D-004
  1.9852136229D-004  2.6604608323D-004  0.0000000000D+000  6.4977562301D-003
  8.4903070350D-006 -3.0506549635D-003  0.0000000000D+000 -5.0650944792D-004
 -4.6428196539D-004 -4.0501000136D-004 -1.2414828173D-004  0.0000000000D+000
  0.0000000000D+000  1.1230124718D-002 -3.6087097267D-005  1.6747542370D-004
 -3.0348479001D-004  0.0000000000D+000  7.2462997428D-003 -2.9939213124D-004
  3.5171564270D-003  0.0000000000D+000 -4.4125405897D-004 -3.9274152746D-004
 -3.0732253884D-004  1.2631777375D-004  0.0000000000D+000  0.0000000000D+000
  1.2383279152D-004  8.2492411829D-005  1.5761397186D-005  1.6330333836D-005
  0.0000000000D+000 -2.8390298833D-003  7.4284641191D-004 -1.7549789454D-003
  0.0000000000D+000  1.1100561229D-004  1.7363484792D-005  3.8013735443D-005
 -2.3118481245D-005  0.0000000000D+000  0.0000000000D+000  7.1863118555D-005
  2.5628059980D-004 -2.5643124891D-005 -3.5724778291D-005  0.0000000000D+000
 -3.0005692316D-003  6.1923174169D-004  1.1119163983D-003  0.0000000000D+000
  2.0386078653D-004  1.3039003912D-004  1.5163148153D-004  3.0979534176D-006
  0.0000000000D+000  0.0000000000D+000 -3.3027644340D-005  4.3975695794D-004
 -7.4929785843D-005 -3.8013266170D-004  2.4095047005D-005  3.5091500243D-004
 -4.8463755603D-005  3.9973359013D-004 -1.3595931403D-004  7.5913898231D-004
  1.0873143547D-004 -1.4392689964D-005  0.0000000000D+000  9.3038077736D-004
 -1.1774795837D-005  0.0000000000D+000  2.9244316232D-004 -3.3865289972D-005
  1.4055827929D-004 -1.9843969785D-005  0.0000000000D+000  0.0000000000D+000
 -2.4075863241D-002 -1.4512568287D-003 -1.5579622286D-004 -3.4328806444D-004
  0.0000000000D+000  3.6011489126D-003  1.6874390845D-004  3.2443126770D-003
  0.0000000000D+000 -4.3906851372D-005 -2.5006162626D-004  1.2773019069D-004
 -4.0240696490D-005  0.0000000000D+000  0.0000000000D+000 -1.0024450175D-003
 -4.5505745399D-004  8.8352350631D-005  4.2419492497D-005  0.0000000000D+000
  2.5573061110D-003 -2.7591891648D-003 -1.1966247576D-003  0.0000000000D+000
  8.6316158014D-005  8.6879742939D-005 -1.3570997126D-004 -5.8041468454D-005
  0.0000000000D+000  0.0000000000D+000  9.9248216546D-001  4.9163268145D-002
  5.3191618815D-004 -3.2623368700D-004  0.0000000000D+000 -1.1535900545D-002
  2.0416479712D-003  1.9902118567D-003  0.0000000000D+000 -8.8644532583D-003
 -9.2760153260D-003 -9.6559720804D-003  1.0172754222D-004  0.0000000000D+000
  0.0000000000D+000 -6.7341047131D-004 -3.0684253149D-004  2.2260320036D-005
 -9.5502186502D-006  0.0000000000D+000  2.3961379280D-003 -1.4596069160D-004
  1.5848441577D-003  0.0000000000D+000  7.0939576466D-005  1.4348473531D-004
 -7.2823395387D-005 -5.3588671468D-005  0.0000000000D+000  0.0000000000D+000
 -6.4933165505D-005  1.5814200345D-004 -2.4290518175D-005 -5.1099509526D-005
  0.0000000000D+000 -2.9379043645D-003  4.3434718782D-004 -2.0777489128D-003
  0.0000000000D+000  1.2692360313D-006 -4.9864262065D-005  3.6556828024D-005
 -1.4189628732D-005  0.0000000000D+000  0.0000000000D+000 -1.4619991113D-004
  1.3252441186D-004  1.5200630384D-004  7.4062909079D-005  0.0000000000D+000
 -9.0950082140D-004  1.3757647216D-003  2.3959117221D-004  0.0000000000D+000
 -5.3768016467D-004 -1.2556533221D-004  1.8247224529D-004  1.3760771181D-005
  0.0000000000D+000  0.0000000000D+000  1.5377358646D-005  4.2272149757D-004
 -6.5488634760D-005 -5.2967205458D-004  1.6263948618D-004  1.0398895314D-003
 -3.5101114515D-004  1.7556802062D-003 -6.6075712271D-005 -1.5549550372D-004
 -2.4736843282D-004 -1.4361738695D-004  0.0000000000D+000  7.8378304386D-005
 -1.1001794771D-006  0.0000000000D+000 -6.8270512064D-005  8.7779439909D-005
 -1.0354998505D-005 -1.0617499780D-004  0.0000000000D+000  0.0000000000D+000
  1.3997969401D-004  1.5102741357D-004 -1.2537246537D-005 -3.8231653715D-005
  0.0000000000D+000 -3.0056546183D-003 -1.8351684298D-003 -1.0675830476D-003
  0.0000000000D+000 -3.4940945756D-005 -3.4368097727D-005  2.2371697046D-005
 -5.3819516864D-005  0.0000000000D+000  0.0000000000D+000  9.9266184955D-001
  4.9121703140D-002 -5.0481757642D-004  3.7978561413D-004  0.0000000000D+000
 -1.0922036384D-002  4.2915614190D-004  2.3815205508D-003  0.0000000000D+000
 -9.2620598355D-003 -8.9044420835D-003 -9.6803216131D-003 -1.8166220539D-004
  0.0000000000D+000  0.0000000000D+000  8.7945146622D-004 -3.8083744645D-004
 -4.4431975770D-006  9.6235105846D-005  0.0000000000D+000  2.7978411976D-003
  4.9640911081D-004 -3.0523807968D-003  0.0000000000D+000  1.2855564299D-004
  3.1099968874D-005 -1.6182950380D-004 -1.5290474819D-005  0.0000000000D+000
  0.0000000000D+000  2.6687079717D-004 -2.1798024342D-004 -4.7174148444D-005
  1.2269689707D-005  0.0000000000D+000  1.7801713743D-003  1.3596126161D-003
  6.8936387564D-004  0.0000000000D+000  1.1878317943D-004  3.3113467595D-005
 -6.4063157398D-005  3.2692857909D-005  0.0000000000D+000  0.0000000000D+000
  1.3440881203D-002  3.7238908042D-004 -1.5598084933D-004 -3.1208146636D-004
  0.0000000000D+000  3.1546437361D-003  2.1455380088D-003  1.5389929079D-003
  0.0000000000D+000 -4.6276750818D-004 -4.5679562654D-004 -2.2953596022D-004
 -1.2705875141D-004  0.0000000000D+000  0.0000000000D+000 -1.4229972524D-004
  1.4761204139D-004 -2.9051094165D-005  1.6881871548D-004  0.0000000000D+000
 -9.7265895107D-004 -4.2999709246D-004  1.3402569614D-003  0.0000000000D+000
 -2.6795086383D-004 -4.1057521679D-004  1.9135781260D-004  2.3398227001D-004
  0.0000000000D+000  0.0000000000D+000  2.6819668899D-005  4.6844947192D-004
 -1.3475778654D-004 -2.2870416411D-004 -3.7841290166D-004  1.7771966519D-003
  1.5699320426D-004  1.0577689675D-003 -7.6198895821D-007 -2.5217067676D-004
 -1.4965670456D-004  4.1647756129D-005  0.0000000000D+000 -1.1698268678D-004
  3.2756959996D-005  0.0000000000D+000 -1.0124850530D-004  9.5473848586D-006
  8.7973921606D-006  6.9002608761D-005  0.0000000000D+000  0.0000000000D+000
 -1.1685943970D-002 -1.1274528402D-003 -2.5656920878D-004  2.9272640234D-004
  0.0000000000D+000  7.7815733032D-003  3.2921265605D-003 -2.1663917965D-003
  0.0000000000D+000 -1.4457392998D-004 -3.3780062489D-004 -7.1392751279D-005
  7.6213119435D-005  0.0000000000D+000  0.0000000000D+000 -6.1615437825D-004
 -1.1026095661D-004  5.7870254265D-005  5.1517667284D-005  0.0000000000D+000
 -2.1387640217D-003  1.0179029827D-003  1.4533294098D-004  0.0000000000D+000
  5.1626957436D-005  3.5146724176D-005 -1.9961142944D-005  2.3688677537D-005
  0.0000000000D+000  0.0000000000D+000  3.6096323638D-004 -8.6910171710D-005
 -9.9752376278D-006  5.3495450467D-005  0.0000000000D+000 -1.7833584363D-003
 -6.8884877200D-004  8.2649950103D-004  0.0000000000D+000  3.1765309592D-005
  6.3930107325D-005 -4.1297487959D-005  1.7314155266D-005  0.0000000000D+000
  0.0000000000D+000  9.9247425944D-001  4.9722103132D-002  8.6808457167D-005
  3.3946683268D-004  0.0000000000D+000 -1.8456482094D-002 -1.7311166595D-003
 -4.0504381811D-003  0.0000000000D+000 -9.1755026239D-003 -9.2302383289D-003
 -9.5380301624D-003 -5.9162581678D-005  0.0000000000D+000  0.0000000000D+000
  2.2777889952D-002  5.6196019592D-004  3.1452835595D-004 -6.6897803201D-005
  0.0000000000D+000  7.0756399726D-003 -2.9992818774D-003  2.0161080711D-003
  0.0000000000D+000 -6.5340025933D-004 -4.5158978049D-004 -4.1302759739D-004
 -5.6105340437D-005  0.0000000000D+000  0.0000000000D+000 -4.4608627329D-005
 -1.8170614666D-004  1.6812823064D-005  1.5890175215D-005  0.0000000000D+000
  1.8822072523D-003 -3.3684659451D-004 -5.0723536696D-004  0.0000000000D+000
 -8.0110854405D-005 -8.0724400547D-005 -9.9858330227D-005 -6.6024896862D-006
  0.0000000000D+000  0.0000000000D+000 -4.4240771615D-004  9.8847718917D-004
  1.6677079132D-005  6.7254531163D-004 -2.0583560709D-005 -6.5954429307D-005
 -2.9497185926D-005 -1.3599491802D-004 -5.6864111558D-005  3.0090671531D-004
  6.5783316159D-005  7.5243259966D-005  0.0000000000D+000  2.8403725012D-004
  6.2815799482D-005  0.0000000000D+000  1.5777546409D-004  3.9260513136D-005
 -1.1707678488D-005  9.4106015215D-005  0.0000000000D+000  0.0000000000D+000
  2.0393173340D-004  1.3536900952D-004  6.2150798461D-006  1.6358860210D-005
  0.0000000000D+000 -4.1665569599D-003 -2.1879690529D-003  3.7898114638D-004
  0.0000000000D+000  5.8175666618D-005  6.0368397386D-005  4.2471577612D-005
 -3.6535002023D-005  0.0000000000D+000  0.0000000000D+000 -1.3804724049D-002
 -1.1977696605D-003  1.5601754632D-004  2.9223753872D-004  0.0000000000D+000
  8.3174757226D-003 -3.5929947321D-003 -1.5831234690D-003  0.0000000000D+000
 -5.6533517777D-005 -2.6346588800D-004 -3.5074304330D-005 -6.1111865129D-005
  0.0000000000D+000  0.0000000000D+000  6.1452271402D-005 -6.7589851783D-005
  3.8851379040D-005  1.0884831193D-005  0.0000000000D+000  2.4660392193D-003
  8.2435323967D-004 -1.4313895727D-003  0.0000000000D+000  2.3506509459D-005
  4.3434346363D-005 -3.1445550325D-005  4.6691319553D-006  0.0000000000D+000
  0.0000000000D+000 -2.3243877681D-002 -1.7895328290D-003 -3.5153086675D-004
 -7.3948790493D-005  0.0000000000D+000  9.4060569610D-003  3.2182882117D-003
  2.9497011106D-003  0.0000000000D+000 -2.5819078810D-004 -1.2150234039D-005
  1.5086728478D-005  3.9738610068D-005  0.0000000000D+000  0.0000000000D+000
  9.9245543355D-001  4.9900114874D-002 -2.3406807844D-004  2.3365020501D-004
  0.0000000000D+000 -1.9254048036D-002  2.9586788578D-003 -4.1880145025D-003
  0.0000000000D+000 -9.1699304587D-003 -9.2577311282D-003 -9.5317315417D-003
  7.4095893207D-005  0.0000000000D+000  0.0000000000D+000  9.9071530268D-005
  3.3340398626D-004 -1.6874123635D-005 -3.2664986198D-005  0.0000000000D+000
 -4.0458692758D-003  5.9055263873D-004  1.4310464788D-003  0.0000000000D+000
  2.0525219939D-004  2.2736291103D-004  1.8259798476D-004 -2.7581263448D-005
  0.0000000000D+000  0.0000000000D+000  3.3798418020D-005  7.1980557003D-004
 -4.8971103442D-004  7.8508896214D-004  1.5079069494D-005  6.4550692062D-004
  4.1654751809D-005  4.3158694257D-004 -3.8534006652D-005 -2.5596289250D-004
 -1.3162280563D-004 -1.9689469644D-006  0.0000000000D+000 -5.2115154280D-005
 -8.0467401263D-005  0.0000000000D+000 -2.5025425498D-005  5.2595503447D-005
  2.8515734858D-005 -6.8317833105D-005  0.0000000000D+000  0.0000000000D+000
 -5.2226268467D-002  9.7145185536D-002  4.4580026820D-002  1.7077027181D-002
  0.0000000000D+000  9.0510670174D-002  3.1848733664D-002 -6.1549677769D-003
  0.0000000000D+000  2.7162786198D-003  2.9474485139D-003 -6.6855569615D-003
  2.6278644907D-003  0.0000000000D+000  0.0000000000D+000 -9.7219616169D-002
  1.8887008007D-001 -7.8927199716D-002  6.8086435293D-002  0.0000000000D+000
  5.0074376099D-002  2.4694176415D-002 -1.3792516602D-002  0.0000000000D+000
  2.6778989537D-003  5.9908935730D-003 -1.2773078786D-002 -1.0350960521D-002
  0.0000000000D+000  0.0000000000D+000 -1.0011828324D-001  1.9535037131D-001
  9.9931222533D-002 -3.2430430537D-002  0.0000000000D+000  5.3821838123D-002
 -2.4065598395D-002  1.3556267798D-002  0.0000000000D+000  1.3167529323D-002
 -4.3454783071D-003 -1.3114961202D-002 -2.6703077865D-003  0.0000000000D+000
  0.0000000000D+000 -4.0411766616D-002  7.9153831797D-002  1.5706678471D-002
  3.2966966806D-002  0.0000000000D+000 -1.6595161113D-003 -7.7732682551D-003
 -1.6424692554D-002  0.0000000000D+000  1.0583957880D-003  2.2771724345D-003
 -4.4827104676D-003  9.1070885620D-004  0.0000000000D+000  0.0000000000D+000
 -4.8474370033D-002  8.8546164075D-002 -1.0546111016D-002  4.4106870204D-002
  0.0000000000D+000  7.9901445925D-002 -2.4469120176D-002  2.5585989000D-002
  0.0000000000D+000  5.5770989303D-004  4.6388214031D-003 -6.2890433721D-003
  8.2948835580D-004  0.0000000000D+000  0.0000000000D+000 -1.5824472752D-001
  3.2045326257D-001 -5.9234527478D-002 -1.0551825538D-001  0.0000000000D+000
  3.4923624852D-001 -3.1487397214D-002 -5.8399714172D-002  0.0000000000D+000
  5.9619885018D-005 -1.5665010511D-003 -1.5904931199D-002 -1.1166914341D-003
  0.0000000000D+000  0.0000000000D+000  1.1251993288D-002 -5.3194035217D-003
  1.4695300054D-002  9.4631869744D-003  2.9040782641D-002 -6.8515176041D-003
  2.9893678991D-002 -7.2927295652D-003  1.0213025277D-002  1.6520279074D-002
  1.1981362573D-002  9.3299258694D-004  0.0000000000D+000  2.4737158553D-003
 -7.2225815224D-004  0.0000000000D+000  5.7760970449D-003 -1.4893052326D-003
 -1.3912308857D-003  3.3617720641D-005  0.0000000000D+000  0.0000000000D+000
 -1.1741385257D-001  2.3273431502D-001  4.2183337639D-002 -6.2813436058D-002
  0.0000000000D+000  1.4574551223D-001 -2.1446597653D-002 -5.8961682808D-003
  0.0000000000D+000  1.7135078912D-003  2.9659360216D-003 -1.1876272954D-002
 -6.8164489447D-003  0.0000000000D+000  0.0000000000D+000  1.7293140391D-002
 -3.6812783370D-002  5.3070314424D-003 -1.0827062512D-001  0.0000000000D+000
 -1.2346973728D-003 -2.1099089523D-002 -3.0606321588D-003  0.0000000000D+000
  8.7855312872D-004 -1.9258874897D-003  2.3520580836D-003  1.1959622407D-002
  0.0000000000D+000  0.0000000000D+000 -2.0284762792D-003  1.9136514041D-003
 -1.0337473254D-001 -6.5156175778D-002  0.0000000000D+000  3.2007687665D-002
  1.2302065265D-002 -2.2347763236D-002  0.0000000000D+000 -1.0461552260D-002
  1.0630893924D-002  3.0984698928D-004  4.6399913929D-003  0.0000000000D+000
  0.0000000000D+000 -1.4238724998D-001  2.7762994873D-001  1.2457782335D-002
  6.0678570727D-002  0.0000000000D+000  2.1893340706D-001  1.1928632753D-002
  1.1901745242D-002  0.0000000000D+000  2.9357563973D-003  3.7917300749D-003
 -1.5125500932D-002 -1.1569107165D-003  0.0000000000D+000  0.0000000000D+000
 -8.8738785915D-002  1.7337392569D-001 -7.7547226722D-002 -1.8540570661D-003
  0.0000000000D+000  9.7795843890D-002  7.3468407067D-003 -9.5580724404D-003
  0.0000000000D+000  7.6957681356D-003 -4.0464450192D-003 -9.2215703235D-003
 -3.0723626553D-003  0.0000000000D+000  0.0000000000D+000  8.9953945390D-002
 -1.8841405638D-001  1.0100238050D-002  3.8258489444D-002  0.0000000000D+000
 -2.2341305105D-001  1.2241659603D-002  2.3082937705D-002  0.0000000000D+000
  1.8686894851D-003  3.9156333966D-003  6.2222126511D-003  3.4985334462D-003
  0.0000000000D+000  0.0000000000D+000  6.8562107393D-002  1.1259100391D-002
  4.0382523171D-002  1.6296215254D-003 -1.0108890367D-002  4.9611644921D-003
  5.7595784156D-004  7.0091776496D-003  6.8524787644D-002  9.1634811416D-002
  3.7386610127D-002 -3.3484580679D-003  0.0000000000D+000  6.5684111554D-003
 -8.2650030986D-004  0.0000000000D+000  1.1957059991D-002 -5.2145166990D-003
 -6.9062032619D-003 -1.3112499457D-003  0.0000000000D+000  0.0000000000D+000
  9.2476090371D-002 -1.8613122641D-001 -1.5794721486D-003 -7.1168598240D-002
  0.0000000000D+000 -1.3124911197D-001  1.9510672289D-002 -2.6978426613D-003
  0.0000000000D+000 -1.1669041998D-003 -2.2384620414D-003  8.3847416657D-003
 -6.2257210238D-003  0.0000000000D+000  0.0000000000D+000 -1.0959598364D-001
  2.2009093353D-001 -2.1067131588D-002 -5.6597459717D-002  0.0000000000D+000
  1.5842193966D-001  2.9668951686D-003 -2.1558027665D-002  0.0000000000D+000
 -1.3613823186D-003  3.5139400195D-003 -1.1370866549D-002  6.4895729592D-003
  0.0000000000D+000  0.0000000000D+000  1.1028341441D-001 -2.2348140639D-001
  1.9025096373D-002  2.9896260754D-002  0.0000000000D+000 -1.6123918090D-001
  1.4390180890D-002  5.6509853196D-003  0.0000000000D+000  7.5037061655D-006
 -2.3816879066D-003  1.1429240720D-002 -4.2321097796D-003  0.0000000000D+000
  0.0000000000D+000 -2.7635771137D-002  5.4443580953D-002  1.0161088868D-001
 -4.1328833133D-002  0.0000000000D+000  3.4344185455D-002  1.6674725201D-003
 -6.3105205566D-003  0.0000000000D+000  7.4112224538D-003 -6.6736002990D-003
 -2.8451037004D-003  5.7449538100D-003  0.0000000000D+000  0.0000000000D+000
 -1.2164626634D-001  2.3973487690D-001  1.4498232761D-002  4.6713426709D-002
  0.0000000000D+000  1.7612625898D-001 -1.4687831615D-003 -8.9153705083D-003
  0.0000000000D+000 -4.2230686731D-004  4.5019524425D-003 -1.1878240179D-002
  1.9758975408D-003  0.0000000000D+000  0.0000000000D+000  8.9682750832D-003
 -2.0051068696D-002  1.1821361380D-001 -6.2204268631D-002  0.0000000000D+000
 -1.5516913298D-002  3.9256437726D-002 -2.1318541731D-002  0.0000000000D+000
 -1.0126795139D-002  1.0574808839D-002  2.1606820448D-004 -7.0730696472D-003
  0.0000000000D+000  0.0000000000D+000  1.3148849302D-002  7.6332452487D-004
  6.7511701165D-002  9.3555119406D-003  6.0454766591D-002  9.5118785016D-003
 -6.4338254850D-002 -9.0580409603D-003 -9.1533001328D-002 -1.3054149676D-001
 -4.1118801777D-002 -4.0107097375D-003  0.0000000000D+000 -8.7195622232D-003
 -1.6207553029D-003  0.0000000000D+000 -1.2494866282D-002  6.6859187218D-003
  8.0804050158D-003 -1.9397234121D-003  0.0000000000D+000  0.0000000000D+000
 -1.5606746283D-002  3.1322733080D-002 -1.3739335236D-001 -1.5724557145D-003
  0.0000000000D+000  2.9844981696D-002 -4.1751092899D-002  4.3934349180D-003
  0.0000000000D+000  1.0138400670D-002 -5.7240882315D-003 -3.5136405851D-004
  2.4484008818D-005  0.0000000000D+000  0.0000000000D+000 -7.8724376116D-002
  1.6396005392D-001  2.5944554952D-002  3.4840682883D-002  0.0000000000D+000
  1.2688246868D-001  2.0270408224D-002 -1.7908780869D-003  0.0000000000D+000
 -1.7269878532D-003  2.0183599703D-005 -7.5488545096D-003 -1.0542770721D-003
  0.0000000000D+000  0.0000000000D+000  5.9866665381D-002 -1.2398428202D-001
 -5.4212579057D-002 -1.0607296939D-002  0.0000000000D+000 -9.2742469756D-002
  4.9639100023D-003 -3.3643855038D-003  0.0000000000D+000  2.3873958541D-003
 -5.3787895733D-004  6.5365971289D-003  8.1750137798D-004  0.0000000000D+000
  0.0000000000D+000  5.3269482072D-002 -1.0786900810D-001 -4.7484191042D-002
  1.8782876643D-003  0.0000000000D+000 -7.9036923923D-002 -2.1482686290D-003
  1.0199246772D-002  0.0000000000D+000  2.4136834030D-003 -1.5246081982D-003
  4.9925575843D-003 -2.3598259835D-003  0.0000000000D+000  0.0000000000D+000
  1.3609994398D-002 -2.5859677344D-002  8.5835131106D-002  4.8436192396D-002
  0.0000000000D+000 -3.0292559941D-002  1.7059793519D-002  8.2751283216D-003
  0.0000000000D+000 -5.0742292977D-003  5.2880362606D-003  1.5659507296D-003
  3.8753056357D-003  0.0000000000D+000  0.0000000000D+000 -1.8415335446D-003
  4.6671988387D-003  1.3361452552D-001 -6.4629088629D-002  0.0000000000D+000
  3.5330844775D-003  4.5798815332D-002 -2.2635129643D-002  0.0000000000D+000
 -7.8487050504D-003  8.0455253505D-003  3.6983578647D-004 -7.5629613984D-003
  0.0000000000D+000  0.0000000000D+000 -2.9314627792D-002 -4.9436703023D-003
 -7.1363451470D-003 -2.3069009125D-003  6.6297784568D-002  1.4882923644D-002
 -3.4125260181D-002 -6.6289901386D-003  3.1494943630D-001  4.9853182289D-001
  4.9274168769D-002 -9.3320426630D-004  0.0000000000D+000  1.9910655270D-002
 -7.7699192410D-004  0.0000000000D+000  1.8966841609D-002 -1.5353435048D-002
 -1.7086924773D-002 -6.0335535562D-004  0.0000000000D+000  0.0000000000D+000
  2.1294823397D-003 -3.4571290955D-003 -1.7648157613D-003  2.2397389354D-001
  0.0000000000D+000 -2.5145988933D-002 -1.2362207780D-002  5.7762356181D-002
  0.0000000000D+000  7.2415745858D-005 -8.0965294149D-004  2.9979981282D-004
  9.3256311389D-003  0.0000000000D+000  0.0000000000D+000 -2.6525964198D-002
  5.0742626563D-002  3.0507255537D-002 -2.1509928865D-001  0.0000000000D+000
  6.5931120552D-002 -3.4564921782D-003 -4.3629506266D-002  0.0000000000D+000
  1.0455796690D-003 -2.2065414903D-003 -8.9307265306D-004  1.2193324998D-002
  0.0000000000D+000  0.0000000000D+000 -9.7453827667D-002  2.0243852469D-001
 -1.1394018797D-001  7.4999594830D-003  0.0000000000D+000  1.8079564031D-001
 -3.4706030295D-002  1.3341520874D-002  0.0000000000D+000 -8.9070822095D-003
  4.2122352688D-003 -8.2208715697D-003 -6.1900006298D-005  0.0000000000D+000
  0.0000000000D+000  9.9983742439D-002 -2.0853159157D-001  1.1824602425D-001
  5.4735563467D-003  0.0000000000D+000 -1.4236738756D-001  5.2672340088D-002
  4.3087995676D-002  0.0000000000D+000  7.4614785852D-003 -4.1579755528D-003
  8.0403042411D-003 -1.1181293462D-003  0.0000000000D+000  0.0000000000D+000
 -8.8892537528D-002  1.8269246480D-001  1.3285699895D-001  3.3085687582D-002
  0.0000000000D+000  1.2717078516D-001  5.6347170516D-002 -2.2641116057D-002
  0.0000000000D+000 -8.3881375168D-003  5.1724657483D-003 -7.2343134064D-003
 -9.6125437235D-004  0.0000000000D+000  0.0000000000D+000  6.3340073885D-002
 -1.4151542176D-001 -9.2993902856D-002  6.1795217932D-002  0.0000000000D+000
 -1.5583257280D-001 -3.1690785586D-002  1.6089939904D-002  0.0000000000D+000
  9.8121509311D-003  9.8336087042D-005  1.7218529907D-003  4.0636455605D-003
  0.0000000000D+000  0.0000000000D+000 -1.0443790909D-001 -2.3813940101D-002
  8.7867258056D-002  2.2511740617D-002  2.7492446444D-002  1.4587558826D-002
  9.9975234737D-002  3.0566964934D-002  5.7289860221D-003  7.9128241940D-003
 -1.0597090343D-003  2.1872284045D-002  0.0000000000D+000 -5.4647859228D-004
  1.2571896245D-002  0.0000000000D+000 -4.5452648158D-004 -2.4072620609D-004
 -1.8728788579D-004  9.2318138297D-003  0.0000000000D+000  0.0000000000D+000
  9.9179078724D-002 -2.0807114670D-001 -8.5166272361D-002 -3.0949301572D-002
  0.0000000000D+000 -1.6296750705D-001  1.9399959077D-002 -1.2472052131D-002
  0.0000000000D+000  8.3223071390D-003  1.1659038268D-003  8.0859526306D-003
 -1.0848428058D-003  0.0000000000D+000  0.0000000000D+000  8.0990319797D-002
 -1.7051570968D-001 -4.8303013009D-002 -4.0885259888D-002  0.0000000000D+000
 -1.5192832955D-001 -2.1398905106D-002 -1.1416265187D-002  0.0000000000D+000
 -1.5522227597D-003  6.3570047552D-003  7.6077844924D-003 -9.6719802640D-004
  0.0000000000D+000  0.0000000000D+000 -1.3808506706D-002  3.3785140442D-002
  1.7061292562D-001  1.6063770548D-001  0.0000000000D+000  1.0913927763D-002
  1.8373562979D-002  5.2560857955D-002  0.0000000000D+000  1.1327535425D-002
 -1.1898824001D-002 -2.4520775276D-003 -3.2260495604D-003  0.0000000000D+000
  0.0000000000D+000 -3.1231525131D-002  6.6744089826D-002  1.1562454948D-001
 -1.5245061684D-001  0.0000000000D+000  3.3953081278D-002  9.9765798444D-003
 -6.0241101730D-002  0.0000000000D+000  7.5672572679D-003 -8.0871659627D-003
 -1.9780089416D-003  5.7200165071D-003  0.0000000000D+000  0.0000000000D+000
 -6.4087802033D-002  1.3101820578D-001 -7.0740322049D-002 -1.2746215813D-001
  0.0000000000D+000  1.3536606012D-001 -1.8824271737D-002 -4.2597967580D-002
  0.0000000000D+000  2.4539393742D-003 -3.3172445522D-003 -5.1217534341D-003
 -4.0994379497D-003  0.0000000000D+000  0.0000000000D+000 -4.3649890308D-002
  9.6676506224D-002 -1.6800955958D-001  1.0277797579D-001  0.0000000000D+000
  1.2464887212D-001 -5.1813267751D-002  3.3038872967D-002  0.0000000000D+000
  4.7730113791D-003 -1.2562795080D-002 -9.1503086823D-004  3.6438185966D-003
  0.0000000000D+000  0.0000000000D+000  6.0937473849D-002  2.0083573120D-002
  8.2250131743D-002  3.2233854352D-002 -8.6138464488D-002 -3.1410097690D-002
  3.4259561087D-002  7.1491466957D-003  1.8174577962D-001  3.1655301968D-001
 -3.2017159041D-002 -3.3163005165D-003  0.0000000000D+000 -4.0021351923D-003
 -2.1028192114D-003  0.0000000000D+000 -1.2175061165D-003 -2.8115057071D-003
 -3.5377053397D-003 -1.3004493041D-003  0.0000000000D+000  0.0000000000D+000
  2.7919497628D-003 -5.1064287819D-003 -9.6106911971D-002  4.7808284659D-004
  0.0000000000D+000 -9.3945542879D-005 -4.7057224252D-002 -7.8271085921D-003
  0.0000000000D+000 -8.7575538845D-003  1.1299271520D-002  1.2132214099D-003
  9.0061683939D-004  0.0000000000D+000  0.0000000000D+000 -3.6798866860D-002
  7.7359515812D-002  2.4217665111D-001  6.3434883289D-002  0.0000000000D+000
  9.7255436335D-002  8.8662249993D-002  1.2083582391D-002  0.0000000000D+000
  2.7801368441D-003 -2.5623950885D-003 -1.9968568266D-003 -5.4998836380D-004
  0.0000000000D+000  0.0000000000D+000 -3.6438400729D-002  7.5336175387D-002
 -1.2242519630D-001  1.7588106652D-001  0.0000000000D+000  1.0404873520D-001
 -4.8739041335D-002  5.9520601028D-002  0.0000000000D+000 -3.3964973306D-003
  3.4199423226D-003 -1.4755269746D-003 -1.9837387078D-003  0.0000000000D+000
  0.0000000000D+000 -3.5363156935D-002  7.3116701547D-002 -1.4420304333D-001
 -1.9796598402D-001  0.0000000000D+000  9.4113289724D-002 -4.5204569571D-002
 -7.2737203238D-002  0.0000000000D+000 -2.7071849050D-003  4.9206348563D-003
 -2.2956198003D-003  2.1580593141D-003  0.0000000000D+000  0.0000000000D+000
  2.6029197510D-002 -5.4120337374D-002  8.5117161701D-002 -1.3622408433D-001
  0.0000000000D+000 -5.0063213928D-002  2.5313489190D-002 -4.3295007079D-002
  0.0000000000D+000  5.2529617568D-003  9.4966914386D-004  2.5340331209D-003
  6.1714716119D-003  0.0000000000D+000  0.0000000000D+000 -3.1920448166D-003
  6.1233154529D-003  8.7170404717D-002  9.0825730845D-002  0.0000000000D+000
  2.2619309552D-002  3.5539738603D-002  4.2679268931D-002  0.0000000000D+000
  6.8903011482D-003 -7.6461174071D-003  2.6598607334D-003 -1.4475882858D-002
  0.0000000000D+000  0.0000000000D+000  1.5834823304D-001  9.0693937626D-002
  5.6834771297D-002  4.0697929694D-002  1.5456820430D-001  8.4459906037D-002
  1.3768603276D-001  7.2090171602D-002 -6.8377692429D-002 -1.2692645388D-001
  4.8745938745D-002 -8.9865143139D-004  0.0000000000D+000  2.0733051310D-002
 -4.5677948660D-004  0.0000000000D+000  3.8559932677D-003  2.0511904036D-003
 -2.0484095033D-003  6.0688571585D-005  0.0000000000D+000  0.0000000000D+000
  6.9552394460D-003 -1.7277144915D-002  6.8762777754D-004  2.7186654504D-001
  0.0000000000D+000  9.3509687138D-004  2.1127602007D-002  6.6377156296D-002
  0.0000000000D+000  5.7126144997D-004  1.1353832481D-003  2.1061920127D-004
  2.9339222877D-003  0.0000000000D+000  0.0000000000D+000  2.0110240883D-002
 -3.9517637102D-002 -7.3838280811D-002  2.7258849946D-001  0.0000000000D+000
 -1.6146227847D-002 -4.1047567019D-002  1.0147322502D-001  0.0000000000D+000
 -5.7936497576D-003  7.9328579500D-003 -1.2424663879D-003 -7.2466486573D-003
  0.0000000000D+000  0.0000000000D+000 -4.8819684172D-003  7.0184880520D-003
 -2.3578435359D-001 -1.1979437467D-001  0.0000000000D+000 -2.1633250514D-002
 -1.0698317562D-001 -2.9255260589D-002  0.0000000000D+000 -6.0595947258D-003
  4.7753143370D-003  1.7828776456D-003 -1.9083066117D-003  0.0000000000D+000
  0.0000000000D+000 -1.1890558576D-003  3.4823945871D-003  2.3079373160D-001
 -1.3885067358D-001  0.0000000000D+000 -6.9998487849D-003  8.7991267705D-002
 -5.2974942036D-002  0.0000000000D+000  3.7024733709D-003 -3.5624195745D-003
  2.8895300676D-004  3.3872707310D-003  0.0000000000D+000  0.0000000000D+000
 -1.0526299840D-002  2.3832430442D-002 -2.0611233452D-001 -1.6688500021D-001
  0.0000000000D+000  1.5087473675D-002 -4.6938971006D-002 -5.8185764787D-002
  0.0000000000D+000  2.1553934891D-003 -3.2695883824D-003 -6.5176188301D-004
 -4.2136044822D-003  0.0000000000D+000  0.0000000000D+000 -5.8861919129D-003
  1.2734400135D-002  2.5094131847D-001 -1.4699058090D-001  0.0000000000D+000
  2.5393327962D-002  5.7640498434D-002 -3.7525811124D-002  0.0000000000D+000
 -8.6895480323D-003  7.2064207672D-003 -4.2121279735D-004 -4.3164798973D-003
  0.0000000000D+000  0.0000000000D+000  7.7914617122D-003  7.6370107547D-003
  2.5960857465D-002  1.1527955383D-002 -5.1147043468D-002 -3.0739404464D-002
  1.2226059998D-002  1.8413563638D-003  4.8491328839D-003  1.3328745898D-002
 -4.6296973611D-003  4.3500574612D-002  0.0000000000D+000 -3.4305240485D-004
  2.9617866591D-002  0.0000000000D+000  1.3822899576D-003  4.2804783332D-004
  5.2484996652D-004  1.5906982898D-002  0.0000000000D+000  0.0000000000D+000
 -6.2789122456D-002  1.3304625217D-001 -4.4670190313D-002  1.1899857159D-002
  0.0000000000D+000  2.0278548989D-001 -3.1447746054D-002 -2.3716489033D-002
  0.0000000000D+000  1.1106808697D-003 -6.8978946745D-003 -3.4969565180D-003
  6.5550208412D-003  0.0000000000D+000  0.0000000000D+000  4.4935890869D-002
 -9.5644818396D-002  1.7899214651D-002  6.0012852595D-002  0.0000000000D+000
 -1.3361781290D-001  1.7589376729D-002 -3.1181553643D-004  0.0000000000D+000
 -6.1007648165D-003  1.1467924742D-002  2.7208881723D-003 -1.1814591532D-002
  0.0000000000D+000  0.0000000000D+000  3.0707026778D-002 -6.0598571587D-002
  1.0244767883D-001 -1.9716581806D-001  0.0000000000D+000 -7.5999132589D-002
  3.6527343346D-002 -5.5443457744D-002  0.0000000000D+000  8.5452878545D-003
 -8.2474671575D-003  2.1899951272D-003  1.3320096891D-002  0.0000000000D+000
  0.0000000000D+000  4.7712849196D-002 -1.0016709380D-001 -1.1390013314D-001
  4.3619231230D-003  0.0000000000D+000 -1.4241410240D-001 -1.1628097530D-002
 -1.9341147255D-002  0.0000000000D+000  1.5731869886D-003  4.2337107047D-003
  3.6600353875D-003 -1.4078095002D-002  0.0000000000D+000  0.0000000000D+000
 -2.7196594111D-002  5.1214547690D-002  2.2230861625D-001 -2.8877456454D-001
  0.0000000000D+000  7.5394704743D-002  7.0490860656D-002 -8.4783467089D-002
  0.0000000000D+000 -4.8092221636D-003  1.0148803716D-002 -2.7061069348D-003
 -1.6111000185D-002  0.0000000000D+000  0.0000000000D+000 -3.8542932577D-002
  8.6241035436D-002 -2.3633030847D-002 -9.0560769874D-003  0.0000000000D+000
  1.4547628871D-001  6.1078932543D-004 -1.4414850959D-002  0.0000000000D+000
 -3.1562949576D-003 -6.5701466385D-003 -1.0848922742D-003  6.8899943707D-003
  0.0000000000D+000  0.0000000000D+000 -2.4434219213D-002 -1.1845480916D-002
  2.4713650764D-001  1.9358680601D-001 -3.7751148277D-002 -2.1416749690D-002
 -1.6131981450D-001 -1.2092241812D-001 -5.2130669568D-002 -1.1042090255D-001
  9.7238948777D-002 -1.3222272141D-002  0.0000000000D+000  4.1736764208D-002
 -1.0874463396D-002  0.0000000000D+000  1.1570712620D-002 -8.2900110016D-003
 -5.7590733111D-003 -2.4256913509D-003  0.0000000000D+000  0.0000000000D+000
 -7.9166980180D-003  1.9745789153D-002  1.6883052112D-001 -9.0081224468D-002
 -1.9079920275D-012  5.4458099690D-002  8.6788629759D-002 -1.5628561411D-002
 -1.0323562829D-012  1.0311135788D-003 -4.2146306310D-003 -8.6448368577D-004
 -7.4444937419D-003  0.0000000000D+000  0.0000000000D+000  2.1998616131D-002
 -5.5779990647D-002  3.2007220615D-001  1.0956702160D-001 -1.7871521287D-012
 -5.8411996086D-002  9.6355250580D-002  5.5149905987D-002 -1.0002978840D-012
  1.5986188439D-002 -5.9802345197D-003  1.2915286580D-003  3.1690106890D-003
  0.0000000000D+000  0.0000000000D+000  1.5791500796D-004  2.4113719570D-003
  5.4900556164D-002  6.0081583577D-003 -1.9407293335D-012 -1.3175795057D-002
  4.5634358920D-002  2.7465641324D-002 -1.0084749913D-012 -4.5895598479D-003
  3.9911533012D-003  4.2468524781D-004  5.8921208436D-003  0.0000000000D+000
  0.0000000000D+000 -1.7647239253D-002  4.6576592401D-002  1.6902718621D-001
  2.5205108529D-001 -1.6132533328D-012  3.8805109678D-002  6.7239075476D-002
  5.3966343712D-002  0.0000000000D+000 -1.9071236409D-003 -7.6792592169D-003
  2.0011571171D-005 -1.4912022112D-002  0.0000000000D+000  0.0000000000D+000
  3.0028430465D-003 -8.0553322365D-003 -1.5348529450D-001 -1.7263274234D-001
 -1.3632282527D-012 -3.3332216771D-003 -2.4717555789D-002 -3.6163569233D-002
  0.0000000000D+000  1.3957804864D-002 -1.1278187764D-002 -3.5989035370D-005
 -9.8449639250D-003  0.0000000000D+000  0.0000000000D+000 -1.1633596344D-002
  2.6541714780D-002  6.9817219571D-003  1.5771163394D-001 -2.3790125414D-012
  1.3130803205D-002  2.0757971201D-002  8.2188316634D-002 -1.3352679899D-012
  1.1208315565D-002 -1.5801714462D-002  2.6586831211D-003 -5.5298332788D-003
  0.0000000000D+000  0.0000000000D+000 -1.7954120950D-001 -1.6850502878D-001
  3.6918232712D-002  3.4975944713D-002  1.8122453308D-001  1.6557803325D-001
 -1.4941173878D-002 -1.4338063517D-002  5.0790252424D-002  1.0572855563D-001
 -1.2839068576D-001  1.5128362281D-003  0.0000000000D+000 -7.2172409168D-002
  4.6022095468D-003  0.0000000000D+000 -1.4729571740D-002  2.9420376281D-003
  6.7421731197D-003 -9.2554796230D-004  0.0000000000D+000  0.0000000000D+000
 -2.7287852423D-002  5.3852717671D-002 -1.7009537471D-001 -2.0405537513D-001
  0.0000000000D+000  1.0227917232D-001 -8.0837058948D-002 -4.1909197655D-002
  0.0000000000D+000  4.2640004776D-003 -2.7527609451D-003 -8.6220648787D-004
 -1.3382713550D-002  0.0000000000D+000  0.0000000000D+000  1.8735629368D-002
 -3.4074100307D-002 -1.4503255862D-001  6.6495412538D-002  0.0000000000D+000
 -6.9048261630D-002 -3.4217691760D-002  5.6489834800D-002  0.0000000000D+000
 -1.5537184596D-002  1.4390134690D-002  1.2992176421D-003  2.4497028754D-004
  0.0000000000D+000  0.0000000000D+000  3.6786822411D-002 -8.8642727957D-002
 -1.0679426376D-001  2.9260077152D-001  0.0000000000D+000 -9.5127512844D-002
 -1.7020509716D-002  1.0006777387D-001  0.0000000000D+000  4.0658561480D-003
  8.0488017357D-003  2.7286058286D-003 -7.3898665578D-003  0.0000000000D+000
  0.0000000000D+000  1.2808834471D-002 -2.0470457294D-002  4.4178331125D-002
  2.1898167560D-001  0.0000000000D+000 -4.3035647148D-002 -1.2702615244D-002
  6.7655204195D-002  0.0000000000D+000  9.2727675696D-003 -1.3490383230D-002
  1.9397600516D-003 -1.4190867066D-002  0.0000000000D+000  0.0000000000D+000
 -3.7301749273D-002  7.7505721565D-002 -2.3245783685D-002 -1.2578969310D-002
  0.0000000000D+000  1.5734057909D-001 -9.3774888966D-003  1.2760129040D-002
  0.0000000000D+000 -3.3914467767D-003  1.3958600199D-003 -2.3574396491D-003
 -1.1072534533D-002  0.0000000000D+000  0.0000000000D+000 -3.3571341720D-002
  7.5885338456D-002  1.7467928024D-001  5.0325624318D-002  0.0000000000D+000
  1.0160696229D-001  7.5659327720D-002  4.1705254888D-002  0.0000000000D+000
 -1.1051844351D-002  5.9263054336D-004  2.1480496565D-003 -1.5548184247D-002
  0.0000000000D+000  0.0000000000D+000 -1.6120329413D-001 -1.5132211666D-001
  4.6596400611D-002  3.1959746559D-002 -1.1582605560D-001 -1.0370571654D-001
  1.5121722828D-001  1.3710756101D-001 -6.1544015930D-002 -1.3279754599D-001
  1.7932088587D-001 -8.5263328548D-003  0.0000000000D+000  9.6857541076D-002
  1.5978382266D-003  0.0000000000D+000  2.0272243666D-002 -9.5450866882D-003
 -9.7414229883D-003 -4.7335875404D-003  0.0000000000D+000  0.0000000000D+000
  0.0000000000D+000  0.0000000000D+000  1.3177835332D-012  0.0000000000D+000
  2.2160179955D-001  0.0000000000D+000  0.0000000000D+000  0.0000000000D+000
  1.2280375369D-001  0.0000000000D+000  0.0000000000D+000  0.0000000000D+000
  0.0000000000D+000  7.7647412958D-003  1.3550474681D-003  0.0000000000D+000
  0.0000000000D+000  2.7937647794D-012  0.0000000000D+000  2.2153168241D-001
  0.0000000000D+000  0.0000000000D+000  0.0000000000D+000  1.2373335064D-001
  0.0000000000D+000  0.0000000000D+000  0.0000000000D+000  0.0000000000D+000
 -1.2023607315D-002  4.8761859417D-003  0.0000000000D+000  0.0000000000D+000
  0.0000000000D+000  0.0000000000D+000  2.4257299711D-001  0.0000000000D+000
  0.0000000000D+000  0.0000000000D+000  1.3249702174D-001  0.0000000000D+000
  0.0000000000D+000  0.0000000000D+000  0.0000000000D+000  9.8429922459D-003
 -8.7904969092D-003  0.0000000000D+000  0.0000000000D+000  1.1289592835D-012
  1.7732159776D-012  1.8439697748D-001  0.0000000000D+000  0.0000000000D+000
  0.0000000000D+000  1.0128178304D-001  0.0000000000D+000  0.0000000000D+000
  0.0000000000D+000  0.0000000000D+000  3.3046540996D-003  8.8127700800D-003
  0.0000000000D+000  0.0000000000D+000 -1.0380100156D-012 -1.7007096254D-012
  1.7862578012D-001  0.0000000000D+000  0.0000000000D+000  0.0000000000D+000
  9.6839100378D-002  0.0000000000D+000  0.0000000000D+000  0.0000000000D+000
  0.0000000000D+000 -4.4399155166D-003  8.1002249726D-003  0.0000000000D+000
  0.0000000000D+000  0.0000000000D+000  1.0340847597D-012  2.8952730142D-001
  0.0000000000D+000  0.0000000000D+000  0.0000000000D+000  1.6550313923D-001
  0.0000000000D+000  0.0000000000D+000  0.0000000000D+000  0.0000000000D+000
 -1.0671551912D-002 -1.8378016301D-002 -1.3731606893D-012 -1.2757105541D-012
  0.0000000000D+000  0.0000000000D+000  1.6070695232D-012  1.5065672372D-012
  0.0000000000D+000  0.0000000000D+000  0.0000000000D+000  0.0000000000D+000
 -1.1135656088D-012  0.0000000000D+000  6.2798021754D-002  0.0000000000D+000
  0.0000000000D+000  4.6080648632D-002  0.0000000000D+000  0.0000000000D+000
  0.0000000000D+000  0.0000000000D+000  1.3827003736D-002  1.0358929943D-004
 -1.5702727042D-002  2.2003070241D-002 -2.6217340098D-001  1.1955527296D-001
  0.0000000000D+000  1.3190248102D-001 -1.0528535692D-001  6.6300208436D-002
  0.0000000000D+000  2.0239168589D-002 -1.1595397815D-002  1.6288346617D-004
  1.7541933297D-003  0.0000000000D+000  0.0000000000D+000  1.4545757642D-003
 -1.1275759137D-002  1.3672954942D-001 -8.0850650386D-002  0.0000000000D+000
  1.4421800316D-002  2.9061585893D-002 -2.8237014759D-002  0.0000000000D+000
  1.4076853257D-002 -9.0288633988D-003  7.6882247150D-004  8.1333678277D-003
  0.0000000000D+000  0.0000000000D+000  1.9934969265D-002 -3.4823736488D-002
  1.4657532634D-001 -6.1664443675D-002  0.0000000000D+000 -8.7678884323D-002
  6.5799198907D-002  1.2591121658D-002  0.0000000000D+000  1.4107624361D-002
 -1.6714093051D-002  8.8645957758D-004  1.5897370316D-002  0.0000000000D+000
  0.0000000000D+000  5.9546452304D-003 -1.2107034345D-002  2.2382451588D-001
 -1.0378157586D-001  0.0000000000D+000 -5.4279795860D-003  9.1797130720D-002
 -4.3647019290D-002  0.0000000000D+000  1.1204132539D-002 -1.1064088961D-002
  9.0878642618D-004  3.5388770802D-003  0.0000000000D+000  0.0000000000D+000
 -1.0589749776D-002  2.9800270935D-002 -2.0517554713D-001  7.7603511710D-002
  0.0000000000D+000  4.5551186438D-003 -6.2478772798D-002  9.7079229490D-003
  0.0000000000D+000  4.7099559940D-003 -1.1860838019D-002  5.0074611600D-004
  1.2390512331D-002  0.0000000000D+000  0.0000000000D+000 -1.4709726766D-002
  3.3312950640D-002 -1.4060237142D-001  1.3045621839D-001  0.0000000000D+000
  4.6931138287D-002 -5.4408962877D-002  6.2273215894D-002  0.0000000000D+000
  6.0535360536D-003 -1.0722749734D-002  8.3391918588D-004  3.9315029628D-003
  0.0000000000D+000  0.0000000000D+000 -2.0792674160D-002 -2.8353849271D-002
 -1.2446459290D-001 -1.3774443298D-001  9.7322493187D-002  1.0401514780D-001
 -1.2364221925D-001 -1.3149864601D-001 -5.2078443422D-002 -1.2426295015D-001
  3.3034168826D-001  2.6114327403D-002  0.0000000000D+000  2.0450097106D-001
  1.7202745909D-002  0.0000000000D+000  3.2494023152D-002 -2.0767256813D-002
 -1.5740197665D-002  4.1809537180D-003  0.0000000000D+000  0.0000000000D+000
  0.0000000000D+000  0.0000000000D+000  0.0000000000D+000  0.0000000000D+000
  2.7734189496D-001  0.0000000000D+000  0.0000000000D+000  0.0000000000D+000
  1.9053084378D-001  0.0000000000D+000  0.0000000000D+000  0.0000000000D+000
  0.0000000000D+000 -3.4616701895D-003 -7.0030276114D-003  0.0000000000D+000
  0.0000000000D+000  0.0000000000D+000  0.0000000000D+000 -2.1785245270D-001
  0.0000000000D+000  0.0000000000D+000  0.0000000000D+000 -1.4257831840D-001
  0.0000000000D+000  0.0000000000D+000  0.0000000000D+000  0.0000000000D+000
  6.5245748923D-003 -1.0941307037D-002  0.0000000000D+000  0.0000000000D+000
  0.0000000000D+000  0.0000000000D+000 -1.8046444885D-002  0.0000000000D+000
  0.0000000000D+000  0.0000000000D+000 -2.1947086367D-002  0.0000000000D+000
  0.0000000000D+000  0.0000000000D+000  0.0000000000D+000 -1.8911578238D-002
 -8.0746604970D-003  0.0000000000D+000  0.0000000000D+000  0.0000000000D+000
  0.0000000000D+000  2.1077799049D-001  0.0000000000D+000  0.0000000000D+000
  0.0000000000D+000  1.3234197803D-001  0.0000000000D+000  0.0000000000D+000
  0.0000000000D+000  0.0000000000D+000 -5.9795164081D-003  7.9280994032D-003
  0.0000000000D+000  0.0000000000D+000  0.0000000000D+000  0.0000000000D+000
  1.1978183743D-003  0.0000000000D+000  0.0000000000D+000  0.0000000000D+000
  9.1940544785D-004  0.0000000000D+000  0.0000000000D+000  0.0000000000D+000
  0.0000000000D+000 -1.0675518472D-002 -6.7775895364D-003  0.0000000000D+000
  0.0000000000D+000  0.0000000000D+000  0.0000000000D+000 -2.8905661082D-001
  0.0000000000D+000  0.0000000000D+000  0.0000000000D+000 -1.9148841669D-001
  0.0000000000D+000  0.0000000000D+000  0.0000000000D+000  0.0000000000D+000
  2.5177376267D-003  1.6624922289D-002  0.0000000000D+000  0.0000000000D+000
  0.0000000000D+000  0.0000000000D+000  0.0000000000D+000  0.0000000000D+000
  0.0000000000D+000  0.0000000000D+000  0.0000000000D+000  0.0000000000D+000
  0.0000000000D+000  1.1836190507D-012  2.8643825194D-001  0.0000000000D+000
  0.0000000000D+000  2.4817922332D-001  0.0000000000D+000  0.0000000000D+000
  0.0000000000D+000  0.0000000000D+000  2.7889042646D-002 -2.0112609593D-003
  0.0000000000D+000  0.0000000000D+000  0.0000000000D+000  0.0000000000D+000
 -6.5255488995D-002  0.0000000000D+000  0.0000000000D+000  0.0000000000D+000
 -5.0589220042D-002  0.0000000000D+000  0.0000000000D+000  0.0000000000D+000
  0.0000000000D+000  5.5932780371D-003 -1.6585816968D-002  0.0000000000D+000
  0.0000000000D+000  0.0000000000D+000  0.0000000000D+000  1.2557230136D-001
  0.0000000000D+000  0.0000000000D+000  0.0000000000D+000  7.6477688310D-002
  0.0000000000D+000  0.0000000000D+000  0.0000000000D+000  0.0000000000D+000
 -1.0700853048D-003 -1.9583317860D-002  0.0000000000D+000  0.0000000000D+000
  0.0000000000D+000  0.0000000000D+000 -2.5189779650D-001  0.0000000000D+000
  0.0000000000D+000  0.0000000000D+000 -1.6791647028D-001  0.0000000000D+000
  0.0000000000D+000  0.0000000000D+000  0.0000000000D+000 -6.7003667963D-003
  9.9860979385D-004  0.0000000000D+000  0.0000000000D+000  0.0000000000D+000
  0.0000000000D+000  2.6053056643D-001  0.0000000000D+000  0.0000000000D+000
  0.0000000000D+000  1.7916649599D-001  0.0000000000D+000  0.0000000000D+000
  0.0000000000D+000  0.0000000000D+000  1.4420243242D-002 -7.3679743376D-004
  0.0000000000D+000  0.0000000000D+000  0.0000000000D+000  0.0000000000D+000
  3.4561654938D-001  0.0000000000D+000  0.0000000000D+000  0.0000000000D+000
  2.4213438407D-001  0.0000000000D+000  0.0000000000D+000  0.0000000000D+000
  0.0000000000D+000 -7.5614926869D-003  4.0291388974D-003  0.0000000000D+000
  0.0000000000D+000  0.0000000000D+000  0.0000000000D+000 -2.0370175164D-001
  0.0000000000D+000  0.0000000000D+000  0.0000000000D+000 -1.3983069024D-001
  0.0000000000D+000  0.0000000000D+000  0.0000000000D+000  0.0000000000D+000
  1.4576092664D-002  3.3844018883D-003  0.0000000000D+000  0.0000000000D+000
  0.0000000000D+000  0.0000000000D+000  0.0000000000D+000  0.0000000000D+000
  0.0000000000D+000  0.0000000000D+000  0.0000000000D+000  0.0000000000D+000
  0.0000000000D+000 -1.0519845656D-012 -1.9365375483D-001  0.0000000000D+000
  0.0000000000D+000 -1.7267682295D-001  0.0000000000D+000  0.0000000000D+000
  0.0000000000D+000  0.0000000000D+000 -1.0096551388D-002 -4.0618121057D-003
 -1.3071545870D-002  3.1111600699D-002  4.2749560087D-002  2.0990479574D-002
 -1.2122216547D-012  4.9717544861D-002  5.7492271717D-003  1.0759802301D-001
  0.0000000000D+000 -5.2940379436D-003  1.4806145074D-003 -4.2833775122D-004
 -1.1174017125D-002  0.0000000000D+000  0.0000000000D+000  1.0861819907D-002
 -2.6842441659D-002 -1.1814783917D-002 -9.3615545530D-002  1.1299674733D-012
 -3.1976484789D-002 -2.9561243852D-003  1.6532240525D-004  0.0000000000D+000
 -1.0380072255D-002  1.0630385571D-002  1.2354942757D-003  4.5207398874D-003
  0.0000000000D+000  0.0000000000D+000  2.7800306889D-002 -6.2525883973D-002
 -2.2242533658D-002 -3.0009680887D-002  0.0000000000D+000 -1.5015547265D-001
  2.2240541273D-002  2.0153832489D-002  0.0000000000D+000  3.2707340182D-003
 -1.0740623136D-003  1.8659531892D-003  1.3053147474D-002  0.0000000000D+000
  0.0000000000D+000 -1.4582979580D-002  2.6763861431D-002 -7.1606412166D-002
  2.9694334655D-003  0.0000000000D+000  1.5414896240D-001 -2.3901976825D-002
  2.3191759508D-002  0.0000000000D+000 -4.4700040478D-003  5.5775572452D-003
 -1.2952399415D-003  2.7653779715D-003  0.0000000000D+000  0.0000000000D+000
 -3.9079909776D-003  1.1430833759D-002  7.3100063693D-002  7.2375641640D-002
  0.0000000000D+000  9.3841476309D-003  7.4307251182D-002  3.0167683242D-002
  0.0000000000D+000 -8.4402195980D-004  1.9341227617D-005  5.3400435551D-004
  1.9781135043D-003  0.0000000000D+000  0.0000000000D+000 -3.9977614516D-002
  8.2324028911D-002  8.6356143393D-002  2.0030129030D-001  0.0000000000D+000
  1.7501129456D-001  5.5157445351D-002  1.3313917307D-001  0.0000000000D+000
 -5.2929654165D-003 -1.1171746090D-002  2.3446228724D-003 -4.8351599341D-003
  0.0000000000D+000  0.0000000000D+000  3.7063556569D-002  2.6371486687D-002
 -1.4586782565D-002 -2.9533279372D-002 -4.4835789991D-002 -5.2186525712D-002
 -5.0829783254D-002 -3.6120571968D-002  5.1846623668D-004 -1.4497178033D-003
 -6.2434507840D-002  5.0034508585D-001  0.0000000000D+000 -5.1888155070D-002
  4.4667308758D-001  0.0000000000D+000 -5.1237822422D-003  8.4473315300D-004
  1.3138969517D-003  7.6955986781D-003  0.0000000000D+000  0.0000000000D+000
 -2.3087379650D-002  5.3777957360D-002  6.4163902995D-002  1.5294156451D-001
  0.0000000000D+000  1.0413356757D-001  6.5689124381D-003  1.0890051849D-001
  0.0000000000D+000 -7.8909309833D-003  1.6830150383D-003 -5.9765949661D-004
  7.8389101624D-003  0.0000000000D+000  0.0000000000D+000  2.0341436134D-002
 -4.9994370789D-002 -1.5707581271D-002 -1.5499129064D-001  0.0000000000D+000
 -5.5439789098D-002 -1.0459466961D-003  2.4656330477D-002  0.0000000000D+000
 -1.9758295145D-002  2.0442299058D-002  2.4452194241D-003  1.2092777608D-002
  0.0000000000D+000  0.0000000000D+000  1.4119759134D-002 -3.6420308652D-002
 -1.4500590631D-001 -9.9655080799D-002  1.1028106997D-012 -2.2330873120D-002
  1.3098739095D-002  1.0938096371D-002  0.0000000000D+000 -2.1254798192D-003
  2.2436638434D-003  2.1077318536D-003  2.6598722911D-002  0.0000000000D+000
  0.0000000000D+000  8.4936188546D-003 -2.3488764669D-002  5.0818060036D-003
 -4.6100712466D-002  0.0000000000D+000  2.0906983474D-002  5.8861046375D-004
  1.3197381942D-003  0.0000000000D+000  1.2520444729D-004  5.0913076458D-003
  1.1545785879D-004  6.9247228622D-003  0.0000000000D+000  0.0000000000D+000
 -2.3619508374D-002  5.3952075443D-002  5.0776998375D-002  1.3832584386D-001
  0.0000000000D+000  1.3330322863D-001  7.7181422749D-002  6.3476082135D-002
  0.0000000000D+000 -2.1104931905D-003 -2.7350496190D-003 -1.0990658282D-004
  6.2006922497D-003  0.0000000000D+000  0.0000000000D+000 -6.5034127700D-002
  1.3525159703D-001  2.2702629148D-001  3.9623436906D-001  0.0000000000D+000
  2.4604400586D-001  1.6025433909D-001  2.8076588170D-001  0.0000000000D+000
 -8.7048423454D-003 -2.0000474105D-002  6.8334109690D-003 -1.0644939603D-002
  0.0000000000D+000  0.0000000000D+000  3.8248152097D-002  6.5084718153D-002
 -5.2171939771D-002 -9.5606383043D-002 -8.0487168029D-002 -9.8529716683D-002
 -7.3188592678D-002 -9.6904358713D-002 -1.8156849465D-003 -8.7187329750D-003
 -1.0380848100D-001 -2.5001414544D-001  0.0000000000D+000 -9.0263826783D-002
 -2.4102141328D-001  0.0000000000D+000 -7.7587959831D-003  2.0204229949D-003
  1.6971105242D-003  1.2267995258D-003  0.0000000000D+000  0.0000000000D+000
  0.0000000000D+000  0.0000000000D+000  0.0000000000D+000  0.0000000000D+000
 -2.2663040076D-001  0.0000000000D+000  0.0000000000D+000  0.0000000000D+000
 -1.5197768928D-001  0.0000000000D+000  0.0000000000D+000  0.0000000000D+000
  0.0000000000D+000 -1.4923708204D-002 -2.8592946612D-003  0.0000000000D+000
  0.0000000000D+000  0.0000000000D+000  0.0000000000D+000  2.2479850448D-001
  0.0000000000D+000  0.0000000000D+000  0.0000000000D+000  1.6038907850D-001
  0.0000000000D+000  0.0000000000D+000  0.0000000000D+000  0.0000000000D+000
 -2.1447543712D-003 -2.2216250584D-003  0.0000000000D+000  0.0000000000D+000
  0.0000000000D+000  0.0000000000D+000 -2.0550347227D-001  0.0000000000D+000
  0.0000000000D+000  0.0000000000D+000 -1.4611352164D-001  0.0000000000D+000
  0.0000000000D+000  0.0000000000D+000  0.0000000000D+000  6.1402241428D-003
  8.3417168067D-003  0.0000000000D+000  0.0000000000D+000  0.0000000000D+000
  0.0000000000D+000 -1.2088405861D-001  0.0000000000D+000  0.0000000000D+000
  0.0000000000D+000 -9.1256566985D-002  0.0000000000D+000  0.0000000000D+000
  0.0000000000D+000  0.0000000000D+000  7.8990031927D-003 -8.0685360163D-003
  0.0000000000D+000  0.0000000000D+000  0.0000000000D+000  0.0000000000D+000
  1.2147277833D-001  0.0000000000D+000  0.0000000000D+000  0.0000000000D+000
  9.0336069629D-002  0.0000000000D+000  0.0000000000D+000  0.0000000000D+000
  0.0000000000D+000  8.8439414960D-003  7.0995871004D-003  0.0000000000D+000
  0.0000000000D+000  0.0000000000D+000  0.0000000000D+000  5.3806490347D-002
  0.0000000000D+000  0.0000000000D+000  0.0000000000D+000  3.8934394813D-002
  0.0000000000D+000  0.0000000000D+000  0.0000000000D+000  0.0000000000D+000
  1.0748317552D-002 -8.2570363309D-003  0.0000000000D+000  0.0000000000D+000
  0.0000000000D+000  0.0000000000D+000  0.0000000000D+000  0.0000000000D+000
  0.0000000000D+000  0.0000000000D+000  0.0000000000D+000  0.0000000000D+000
  0.0000000000D+000 -1.1033160134D-012  4.3595462581D-001  0.0000000000D+000
 -1.8453279708D-012  4.0707168431D-001  0.0000000000D+000  0.0000000000D+000
  0.0000000000D+000  0.0000000000D+000 -1.2319418461D-002 -1.1115568466D-003
  9.1471092988D-002 -1.6307109723D-001  4.0154169940D-001  6.7195743070D-003
  0.0000000000D+000 -6.8756635732D-001  4.7685944383D-001  1.0678020426D-002
 -1.0279470589D-012  1.7352214539D-002  3.9138097069D-003  2.8620526756D-003
  8.8749291978D-005  0.0000000000D+000  0.0000000000D+000  1.1812859201D-002
 -2.9800439212D-002  1.5493029923D-002 -9.4219627007D-004  0.0000000000D+000
 -1.0210667497D-001  9.4179326125D-003  4.1668599636D-002  0.0000000000D+000
 -2.1435168795D-003  3.1506984466D-003 -2.9626686347D-004  1.6303557827D-003
  0.0000000000D+000  0.0000000000D+000 -7.1966107630D-003  1.8587223016D-002
 -1.6826825227D-002 -8.6103448217D-002  0.0000000000D+000 -2.8750246465D-002
  3.6163994941D-002 -6.5927887981D-002  0.0000000000D+000 -1.5502359660D-002
  1.2362899043D-002  1.5571260735D-003 -1.0695102937D-002  0.0000000000D+000
  0.0000000000D+000 -4.6159130299D-003  1.6819062666D-002 -2.2602529414D-002
  8.8183427615D-002  0.0000000000D+000 -5.0308951045D-002  1.7582333677D-002
  7.5028469008D-002  0.0000000000D+000 -1.4258992979D-002  1.2561721426D-002
  3.3821767854D-004  1.4463189823D-002  0.0000000000D+000  0.0000000000D+000
  1.5726835746D-002 -4.0263199712D-002  6.3468935555D-002  2.2440748283D-002
  0.0000000000D+000 -8.1156714753D-002  6.2443132185D-002  8.5259882018D-002
  0.0000000000D+000  2.7361961138D-003  1.1618342367D-003 -9.1663887774D-004
 -9.1742514625D-003  0.0000000000D+000  0.0000000000D+000  4.1626376029D-003
 -1.9503334243D-002  9.1366909717D-002  5.5251717265D-002  0.0000000000D+000
 -3.1126231959D-002  8.0611164516D-002  5.5484186960D-002  0.0000000000D+000
 -3.5440196619D-004 -3.1459632966D-003 -4.3980353371D-004  2.5183883017D-003
  0.0000000000D+000  0.0000000000D+000  4.5245907626D-002  1.9712502058D-001
  3.2703773034D-002  1.3510295799D-001 -8.4321012880D-003  1.0668682987D-002
  2.8487359478D-002  1.4582282301D-001  1.1358348722D-001  3.7584649173D-001
  3.3793465423D-001  1.2802867752D-003  0.0000000000D+000  7.9884099785D-001
 -5.7223632964D-003  0.0000000000D+000 -1.0251585474D-001  7.5474368763D-002
  6.3086345038D-002  4.5876216573D-004  0.0000000000D+000  0.0000000000D+000
  0.0000000000D+000  0.0000000000D+000  0.0000000000D+000  0.0000000000D+000
 -1.9425393297D-001  0.0000000000D+000  0.0000000000D+000  0.0000000000D+000
 -2.5672674770D-001  0.0000000000D+000  0.0000000000D+000  0.0000000000D+000
  0.0000000000D+000  4.2708911121D-003 -2.7762691478D-002  0.0000000000D+000
  0.0000000000D+000  0.0000000000D+000  0.0000000000D+000 -2.2232643932D-001
  0.0000000000D+000  0.0000000000D+000  0.0000000000D+000 -2.4389362950D-001
  0.0000000000D+000  0.0000000000D+000  0.0000000000D+000  0.0000000000D+000
 -7.6820422761D-003  2.6586711298D-002  0.0000000000D+000  0.0000000000D+000
  0.0000000000D+000  0.0000000000D+000 -1.8219210903D-001  0.0000000000D+000
  0.0000000000D+000  0.0000000000D+000 -1.9710395002D-001  0.0000000000D+000
  0.0000000000D+000  0.0000000000D+000  0.0000000000D+000  2.7538041089D-002
  1.0021168793D-002  0.0000000000D+000  0.0000000000D+000  0.0000000000D+000
  0.0000000000D+000  3.8081872101D-001  1.2316537012D-012  0.0000000000D+000
  0.0000000000D+000  4.8935100182D-001  0.0000000000D+000  0.0000000000D+000
  0.0000000000D+000  0.0000000000D+000 -4.3013354273D-003 -9.9191068035D-003
  0.0000000000D+000  0.0000000000D+000  0.0000000000D+000  0.0000000000D+000
 -1.5633197215D-001  0.0000000000D+000  0.0000000000D+000  0.0000000000D+000
 -2.1414391933D-001  0.0000000000D+000  0.0000000000D+000  0.0000000000D+000
  0.0000000000D+000 -2.5193780352D-002 -1.2667113722D-002  0.0000000000D+000
  0.0000000000D+000  0.0000000000D+000  0.0000000000D+000  3.6723070303D-001
  0.0000000000D+000  0.0000000000D+000  0.0000000000D+000  4.0173265583D-001
  0.0000000000D+000  0.0000000000D+000  0.0000000000D+000  0.0000000000D+000
 -4.6059992230D-003 -4.8368009307D-003  0.0000000000D+000  0.0000000000D+000
  0.0000000000D+000  0.0000000000D+000  0.0000000000D+000  0.0000000000D+000
  0.0000000000D+000  0.0000000000D+000  0.0000000000D+000  0.0000000000D+000
  0.0000000000D+000  0.0000000000D+000  4.4914150764D-002  0.0000000000D+000
  0.0000000000D+000  7.5934114551D-002  0.0000000000D+000  0.0000000000D+000
  0.0000000000D+000  0.0000000000D+000 -3.2045579157D-002 -1.7076541150D-002
  0.0000000000D+000  0.0000000000D+000  0.0000000000D+000  0.0000000000D+000
 -3.1633698611D-001  2.4226085947D-012  0.0000000000D+000  0.0000000000D+000
 -3.9735653641D-001  0.0000000000D+000  0.0000000000D+000  0.0000000000D+000
  0.0000000000D+000  9.4308164281D-003  1.8143084949D-002  0.0000000000D+000
  0.0000000000D+000  0.0000000000D+000  0.0000000000D+000 -3.1034317228D-001
  0.0000000000D+000  0.0000000000D+000  0.0000000000D+000 -3.8106822190D-001
  0.0000000000D+000  0.0000000000D+000  0.0000000000D+000  0.0000000000D+000
 -7.4136874680D-003 -1.6890675466D-002  0.0000000000D+000  0.0000000000D+000
  0.0000000000D+000  0.0000000000D+000  3.4865937188D-001 -1.6735205957D-012
  0.0000000000D+000  0.0000000000D+000  4.2659915596D-001  0.0000000000D+000
  0.0000000000D+000  0.0000000000D+000  0.0000000000D+000  5.3615395736D-003
  1.4353940138D-002  0.0000000000D+000  0.0000000000D+000  0.0000000000D+000
  0.0000000000D+000 -1.5375046181D-002  0.0000000000D+000  0.0000000000D+000
  0.0000000000D+000 -1.9584265596D-002  0.0000000000D+000  0.0000000000D+000
  0.0000000000D+000  0.0000000000D+000  2.6648814096D-002 -1.4254182759D-002
  0.0000000000D+000  0.0000000000D+000  0.0000000000D+000  0.0000000000D+000
  3.1848907506D-001  0.0000000000D+000  0.0000000000D+000  0.0000000000D+000
  4.1375089278D-001  0.0000000000D+000  0.0000000000D+000  0.0000000000D+000
  0.0000000000D+000 -6.6872960935D-003 -1.5298165389D-002  0.0000000000D+000
  0.0000000000D+000  0.0000000000D+000  0.0000000000D+000 -3.2829199883D-002
  0.0000000000D+000  0.0000000000D+000  0.0000000000D+000 -3.7443966494D-002
  0.0000000000D+000  0.0000000000D+000  0.0000000000D+000  0.0000000000D+000
 -2.4934372598D-002  1.4317520947D-002  0.0000000000D+000  0.0000000000D+000
  0.0000000000D+000  0.0000000000D+000  0.0000000000D+000  0.0000000000D+000
  0.0000000000D+000  0.0000000000D+000  0.0000000000D+000  0.0000000000D+000
  0.0000000000D+000  0.0000000000D+000  6.7700611643D-002 -1.8684935101D-012
  0.0000000000D+000  1.1839273521D-001  0.0000000000D+000  0.0000000000D+000
  0.0000000000D+000  0.0000000000D+000 -5.6239186809D-002  1.2043274060D-002
 -2.1441316884D-002  3.4052645199D-002 -6.3639783391D-002  2.9696615440D-002
  0.0000000000D+000  2.0413041737D-001 -2.8065607744D-001  2.7409365828D-002
  1.5002474882D-012  1.0258081306D-002 -1.5958601049D-002 -1.0867105242D-003
 -7.7100645741D-003  0.0000000000D+000  0.0000000000D+000  3.6783687351D-002
 -6.9870712431D-002 -1.8116285861D-001 -5.8885502780D-004  0.0000000000D+000
 -4.8318169549D-001 -4.5218093523D-001 -1.1487181750D-001 -1.4445492256D-012
  1.8962233794D-002 -1.1779870116D-002  3.8679828360D-004  1.0217610407D-002
  0.0000000000D+000  0.0000000000D+000  3.8756012643D-002 -8.9158691674D-002
  1.8996789806D-002  2.1865887738D-002 -1.0624388281D-012 -2.0931996150D-001
  1.4037960390D-001 -7.5203560814D-002 -1.6966992380D-012  6.0146876556D-003
  8.5266094629D-003 -2.2315079180D-003  7.3676710582D-004  0.0000000000D+000
  0.0000000000D+000  5.2985058395D-002 -1.0164435455D-001  8.7121441275D-002
  1.4530522364D-001  0.0000000000D+000 -6.2619452193D-001  3.6184815913D-001
  4.1438112951D-001 -1.0453224814D-012  1.1632361704D-003  1.0241068584D-002
 -1.5165202812D-003  1.5650815419D-002  0.0000000000D+000  0.0000000000D+000
  5.1177299985D-002 -6.5866390260D-002 -1.4706773644D-001  2.1052827025D-001
  0.0000000000D+000 -1.0651832385D+000 -2.9632668018D-001  3.9537728569D-001
  1.0284159089D-012 -7.8855439279D-003  1.1689957158D-002  2.3935499098D-003
 -1.8968517955D-002  0.0000000000D+000  0.0000000000D+000  2.0506804032D-003
 -8.4659971522D-003 -2.2906897868D-002  5.0332597914D-002  1.1385902029D-012
 -5.9429132103D-002  8.0097897363D-002  1.0537523668D-001  1.5570149667D-012
 -1.0867304242D-002  6.7135086833D-003 -8.6209220069D-004  2.4142168658D-003
  0.0000000000D+000  0.0000000000D+000  7.3084629385D-002  1.0719881119D+000
  7.1754881119D-002  1.2578080233D+000  6.3159213131D-002  9.1850822023D-001
  2.1346245408D-002  2.9309411784D-001 -3.1870077601D-002 -1.4032513567D-001
 -1.8529161270D-002  3.2434368842D-002  0.0000000000D+000 -2.4589644216D-001
 -2.2930306460D-002  0.0000000000D+000  1.5222803696D-002 -3.5070785424D-003
 -3.3238727862D-002  6.2071426284D-003  0.0000000000D+000  0.0000000000D+000
  0.0000000000D+000  0.0000000000D+000  0.0000000000D+000  0.0000000000D+000
  2.8414858409D-001  0.0000000000D+000  1.1415501781D-012 -1.5918514497D-012
  4.9834959092D-001  0.0000000000D+000  0.0000000000D+000  0.0000000000D+000
  0.0000000000D+000 -2.0069080425D-002 -2.7342171897D-004  0.0000000000D+000
  0.0000000000D+000  1.1861261529D-012  0.0000000000D+000 -3.0232749410D-001
  5.4246645329D-012  3.6310047349D-012  0.0000000000D+000 -5.0668995477D-001
  0.0000000000D+000  0.0000000000D+000  0.0000000000D+000  0.0000000000D+000
 -1.7070460532D-002  9.7504863649D-004  0.0000000000D+000  0.0000000000D+000
  0.0000000000D+000  0.0000000000D+000 -2.8055671367D-001  5.2511670345D-012
  0.0000000000D+000  1.5346613591D-012 -4.7426653948D-001  0.0000000000D+000
  0.0000000000D+000  0.0000000000D+000  0.0000000000D+000  1.1922790678D-002
 -1.1492545134D-002  0.0000000000D+000  0.0000000000D+000  0.0000000000D+000
  0.0000000000D+000 -2.8195773999D-001 -3.0296329120D-012  0.0000000000D+000
  0.0000000000D+000 -5.1442833523D-001  0.0000000000D+000  0.0000000000D+000
  0.0000000000D+000  0.0000000000D+000  9.9921147162D-003  1.2858332347D-002
  0.0000000000D+000  0.0000000000D+000  0.0000000000D+000  0.0000000000D+000
  3.0945903745D-001  3.3717540449D-012  0.0000000000D+000  0.0000000000D+000
  5.3752805573D-001  0.0000000000D+000  0.0000000000D+000  0.0000000000D+000
  0.0000000000D+000  8.1967405070D-003 -1.6099449046D-002  0.0000000000D+000
  0.0000000000D+000  0.0000000000D+000  0.0000000000D+000  3.2023428260D-001
 -2.0145534065D-012  0.0000000000D+000  0.0000000000D+000  4.4436808190D-001
  0.0000000000D+000  0.0000000000D+000  0.0000000000D+000  0.0000000000D+000
 -1.4490984136D-003  2.5238199959D-004  0.0000000000D+000  0.0000000000D+000
  0.0000000000D+000 -2.4941181772D-012  0.0000000000D+000 -7.5105969900D-012
  0.0000000000D+000 -4.2284359888D-012  0.0000000000D+000  0.0000000000D+000
  0.0000000000D+000  0.0000000000D+000  1.5459968117D-002  0.0000000000D+000
  0.0000000000D+000 -1.4122867855D-001  0.0000000000D+000  0.0000000000D+000
  0.0000000000D+000  0.0000000000D+000  9.7969030654D-002 -1.6296828752D-004
 -3.8269724761D-002  7.1696728903D-002  3.5946419224D-002 -5.4627880700D-002
  0.0000000000D+000  3.4103129728D-001 -9.6640839566D-002 -1.5717097350D-001
 -1.4084387620D-012  7.4299575043D-003 -1.9369729772D-002  1.0439950348D-003
  4.7432094314D-003  0.0000000000D+000  0.0000000000D+000 -7.6321020720D-002
  1.1109672527D-001  2.1947265684D-001  6.5334516780D-002  0.0000000000D+000
  1.4998262782D+000  6.0904088573D-001  5.6551387313D-002  1.4333769749D-012
 -4.2894345598D-003 -4.0920807314D-003 -4.2485025926D-004  1.0579564190D-002
  0.0000000000D+000  0.0000000000D+000 -9.6692987425D-003  1.0362470150D-002
  9.3286629172D-002  5.6101507169D-002  0.0000000000D+000  2.1960563906D-001
  2.6918555144D-001  5.8842269878D-002  1.3674855527D-012 -1.5216394626D-002
  1.2242468284D-002  8.5104160649D-004  6.0723415349D-003  0.0000000000D+000
  0.0000000000D+000  8.4413840811D-002 -1.3685398991D-001  1.3636150700D-001
  1.6181108678D-001  0.0000000000D+000 -1.4876273708D+000  3.3170425278D-001
  6.6420875090D-001  1.8386251624D-012 -1.2177131624D-003  9.9694868219D-003
  9.7830103497D-004 -9.4850273646D-003  0.0000000000D+000  0.0000000000D+000
 -1.0438914002D-002  1.5572566240D-002 -2.6547443420D-002 -6.5154676189D-002
  0.0000000000D+000  1.2913307232D-001 -3.6185660004D-001 -4.3564058865D-001
 -1.6328799865D-012 -3.0945826234D-003  2.5781848042D-006  2.7227632774D-004
  4.5225083729D-004  0.0000000000D+000  0.0000000000D+000  3.7140936302D-002
 -6.0701442646D-002  4.0989477058D-003  4.8350356386D-002  0.0000000000D+000
 -5.1999098794D-001 -1.9622256814D-002  7.6568468667D-002 -1.2290722390D-012
  1.5924369487D-002  2.1884449480D-003  6.9779799394D-003 -1.0571311515D-002
  0.0000000000D+000  0.0000000000D+000  4.1935784231D-002  1.5298173396D+000
 -7.6942104025D-003 -2.5453778464D-001 -4.2563889960D-002 -1.4363245672D+000
  5.0109411299D-003 -2.1657987863D-002 -1.6075151815D-002 -7.3238691409D-002
  1.0126901566D-002  8.8279625581D-002  0.0000000000D+000 -1.3707314252D-001
  1.5110385985D-002  0.0000000000D+000  8.5920512327D-004  3.0136791817D-003
 -1.7374200328D-002 -6.4233608818D-002  0.0000000000D+000  0.0000000000D+000
 -3.2645060897D-002  9.7407217721D-002  3.1952504121D-002  9.6996052582D-003
  0.0000000000D+000 -1.7139860234D-001 -4.2821899500D-001  1.0007380144D-001
  0.0000000000D+000  5.8997545516D-003 -2.2454862470D-002  3.8000639300D-003
  6.9001281905D-003  0.0000000000D+000  0.0000000000D+000  3.2100330583D-002
 -7.2706926897D-002  7.1207098010D-003 -4.8162315083D-002  0.0000000000D+000
  5.2045209321D-002 -2.9999353211D-001 -1.6723242008D-002  0.0000000000D+000
  7.6915952368D-003  1.2161885681D-002 -2.2454707986D-003 -1.1069282081D-002
  0.0000000000D+000  0.0000000000D+000  9.4644025970D-002 -1.7815692543D-001
  1.5136897860D-001 -2.6513077386D-001  0.0000000000D+000 -1.1329082967D+000
  5.9770114573D-001 -1.0308464883D+000  0.0000000000D+000  9.9105104605D-003
  1.3771332498D-002 -3.0486120966D-003 -3.6226370059D-003  0.0000000000D+000
  0.0000000000D+000  2.6304632780D-002 -8.2144463500D-002  3.3452903201D-002
 -5.2905867198D-002  0.0000000000D+000  2.3115019043D-001  1.8054982466D-001
  3.2034450619D-001  0.0000000000D+000  4.1520759840D-004  1.3419508489D-002
 -4.1136531017D-003 -7.3256974230D-003  0.0000000000D+000  0.0000000000D+000
 -3.1305456740D-002  7.0524314546D-002  7.6398532739D-002 -1.1182410985D-001
  0.0000000000D+000  2.4245436577D-001  4.2703956372D-001 -6.1737271897D-001
  1.0567820570D-012 -3.3088744833D-003 -4.5418025569D-003  1.7493920149D-003
  2.3815564400D-003  0.0000000000D+000  0.0000000000D+000 -1.4695224494D-002
  6.9914703553D-002 -2.4847502226D-002 -4.3696457546D-002  0.0000000000D+000
 -2.0334696014D-001  2.4196023348D-002  2.2592616480D-001  0.0000000000D+000
 -6.5511508604D-003  1.0755924583D-003  7.8347288470D-003  1.5885551045D-002
  0.0000000000D+000  0.0000000000D+000  2.4411399425D-002  2.9158274886D-001
 -4.5856609984D-002 -9.7673955300D-001  2.2215082344D-002  3.1417954399D-001
  9.1783213008D-002  2.0203610040D+000 -3.3104843093D-002 -1.5323589892D-001
 -1.7985813967D-002 -9.9380602356D-002  0.0000000000D+000 -2.1496883664D-001
  3.3995311179D-002  0.0000000000D+000 -1.0764229271D-002  3.3060121937D-002
 -3.3422407388D-002  2.4765828795D-002  0.0000000000D+000  0.0000000000D+000
 -1.7786976441D-002 -2.1687869088D-003  1.3319445325D-002  6.2953653583D-002
  0.0000000000D+000  7.8868782341D-001  2.8400490682D-001  1.6621764599D-001
  0.0000000000D+000  6.7695144086D-003 -1.8078713737D-003 -3.6323503500D-003
 -1.3239924149D-002  0.0000000000D+000  0.0000000000D+000 -7.1946693738D-002
  1.4436249810D-001  1.4075605761D-001 -7.1938899747D-002  0.0000000000D+000
  6.8029756759D-001  8.6569208740D-001 -3.6061637652D-001  0.0000000000D+000
 -2.1804992169D-003 -1.7471241043D-002  2.6292771624D-003 -6.9954101353D-003
  0.0000000000D+000  0.0000000000D+000  4.7858568793D-002 -7.7169328962D-002
  6.5022198170D-002 -6.4991544212D-002  0.0000000000D+000 -1.0576116060D+000
  1.4748477067D-001 -5.1701536102D-002  0.0000000000D+000  2.0271972778D-003
 -1.4260098685D-003 -1.9254928410D-003  6.8101396255D-003  0.0000000000D+000
  0.0000000000D+000 -5.9429517115D-002  1.3571288570D-001  3.4126145600D-002
 -1.0333463937D-001  0.0000000000D+000  4.4804187641D-001  7.2240095373D-002
 -8.2522441252D-001  0.0000000000D+000 -2.2178092319D-002  7.2164155082D-003
  4.0009195125D-003  6.1627984053D-004  0.0000000000D+000  0.0000000000D+000
  1.0052690359D-001 -1.8841287969D-001 -4.8819153964D-002  9.8983039504D-002
  0.0000000000D+000 -1.3419516952D+000 -5.2842678724D-001  7.9687766452D-001
  0.0000000000D+000  1.6485229212D-002  3.6063128646D-003 -2.6655783972D-003
  1.5377358951D-002  0.0000000000D+000  0.0000000000D+000 -1.4360061905D-002
 -1.6062208811D-002 -4.8668771721D-002  4.5229054263D-002  0.0000000000D+000
  5.5516077093D-001 -1.4299710571D-001 -1.2974738198D-001  0.0000000000D+000
 -9.1672086778D-003 -3.4440323046D-004 -1.2016415505D-002 -5.5371132116D-003
  0.0000000000D+000  0.0000000000D+000 -2.9934659816D-002 -9.6142100507D-001
  3.1752520357D-002  1.5294793278D+000 -5.0588739472D-002 -1.2728103338D+000
  1.2040909920D-002  6.7459452928D-001  9.3526368375D-003  3.7813082509D-002
  3.1837270472D-002 -1.1422826200D-001  0.0000000000D+000 -2.3974882531D-003
 -8.1306243897D-003  0.0000000000D+000  1.0460640464D-002 -3.1279987320D-002
  5.3731132450D-003  9.9890098466D-002  0.0000000000D+000  0.0000000000D+000
  2.0144350937D-002  2.1363527531D-002 -2.1545656941D-002  6.7312978720D-002
  0.0000000000D+000 -9.2994870057D-001 -2.6500701624D-001  7.7802480238D-001
  0.0000000000D+000 -2.5080131822D-003  1.0180835202D-002 -3.1921389736D-004
 -4.1103545225D-002  0.0000000000D+000  0.0000000000D+000  3.7014184773D-002
 -3.2520004278D-002  1.3096802678D-001 -1.4079603679D-002  0.0000000000D+000
 -6.5710244621D-001  4.8522647513D-001 -4.9062928614D-001  0.0000000000D+000
  4.2766750136D-004  1.3698124185D-002 -7.2465741589D-003 -1.9396819196D-002
  0.0000000000D+000  0.0000000000D+000  4.8887305049D-002 -4.7657073417D-002
 -7.1427494851D-002  1.1725416494D-001  0.0000000000D+000 -1.1569696775D+000
 -9.8793959816D-001  2.0522010987D-001  0.0000000000D+000  2.3633251673D-002
 -1.5250651975D-002 -8.8473355180D-003 -4.0165753609D-004  0.0000000000D+000
  0.0000000000D+000 -5.4096740240D-002  8.5455786291D-002  7.1108432713D-002
  2.5777275064D-001  0.0000000000D+000  1.2782615752D+000  4.3982759093D-001
  1.1736494472D+000  0.0000000000D+000 -2.0607862093D-003  8.1634238253D-006
 -1.5477277392D-003  2.1503545426D-003  0.0000000000D+000  0.0000000000D+000
  6.2821975183D-003  3.2055490324D-002  9.0985571863D-002 -1.9924211980D-002
  0.0000000000D+000 -5.2613801706D-001  6.6604875823D-001 -1.8815452391D-001
  0.0000000000D+000  2.3232382933D-002 -2.0384862417D-002  1.0027475565D-003
 -1.0028478749D-002  0.0000000000D+000  0.0000000000D+000 -9.7520484817D-002
  1.3297604479D-001 -9.9417680972D-002 -1.2283501285D-001  0.0000000000D+000
  1.9638189291D+000 -4.9585397474D-001 -5.3824035730D-001  0.0000000000D+000
 -6.3795458711D-003 -1.8913827512D-002 -3.2036377121D-002 -2.9212983924D-003
  0.0000000000D+000  0.0000000000D+000  2.8772725697D-002  9.3114818330D-001
 -1.7099281594D-002 -3.9148765610D-001  8.6387438491D-003 -2.2933139088D-001
 -8.7613700414D-003 -2.5293773324D-001 -2.8154837284D-002 -5.8984183564D-002
 -3.0844621768D-002  1.0246666524D-001  0.0000000000D+000 -1.8067373899D-002
 -3.0677891366D-001  0.0000000000D+000  1.3508375128D-002  7.1399521254D-002
 -2.7467517027D-002  2.4587048447D-001  0.0000000000D+000  0.0000000000D+000
 -8.5055610463D-002  6.9918122910D-002  1.6066126656D-001 -1.1249951433D-002
  0.0000000000D+000  2.4161965319D+000  6.7378804167D-001  6.9682114188D-001
  0.0000000000D+000  8.3477113632D-003 -3.0520732578D-002  3.7496880713D-003
 -2.2129640942D-002  0.0000000000D+000  0.0000000000D+000 -2.9832931287D-002
  2.4599238458D-002 -1.7253978202D-001  8.3691153450D-003  0.0000000000D+000
  5.5548051595D-001 -1.1153876452D+000 -2.4138853760D-001  0.0000000000D+000
 -1.0227200367D-002  1.5890618138D-003  1.0127156385D-003 -8.6296801929D-003
  0.0000000000D+000  0.0000000000D+000  3.9381724581D-002 -6.9066577864D-002
  9.5131728559D-002  2.5251671440D-001  0.0000000000D+000 -7.1482467848D-001
  9.3080094503D-001  1.3901079490D+000  0.0000000000D+000 -1.5098532525D-002
  2.3809388503D-002  2.5571021943D-003  4.0806845399D-003  0.0000000000D+000
  0.0000000000D+000 -7.6351316780D-003 -2.0247123737D-002  4.3675296140D-002
 -6.2772239723D-002  0.0000000000D+000  7.9873770204D-001  1.2892939482D+000
 -4.1150785923D-001  0.0000000000D+000 -3.0942283298D-002  3.5915124583D-002
 -4.4132921447D-004 -1.3475280285D-002  0.0000000000D+000  0.0000000000D+000
  5.2412946588D-002 -4.6521027498D-002  2.0376713469D-001 -1.0812128496D-001
  0.0000000000D+000 -1.7251575412D+000  1.0419618830D+000 -8.0068264414D-001
  0.0000000000D+000 -1.0934277631D-002  8.6582721637D-003  4.6726632766D-003
  6.0402470550D-003  0.0000000000D+000  0.0000000000D+000  4.1759822925D-002
 -3.6206446356D-002  3.1844520186D-002 -3.0313944485D-002  0.0000000000D+000
 -1.0547473309D+000  3.4657167267D-001  5.0398887397D-002  0.0000000000D+000
 -3.6494882255D-003  2.4179068625D-002  1.3709423727D-002 -1.4159189481D-002
  0.0000000000D+000  0.0000000000D+000  5.8732110102D-002 -5.8649413386D-003
 -2.2855513491D-002 -7.5717292371D-001 -3.4542061237D-002  8.0269509485D-001
  2.3922569290D-002 -5.8313950504D-001  7.4853961185D-002  1.5200355572D-001
  8.9281241938D-002  1.1285262478D-001  0.0000000000D+000  3.6756468646D-002
 -2.3448630493D-001  0.0000000000D+000 -4.2078942270D-002 -2.2695608881D-001
  1.1429241452D-001  1.8032971840D-001  0.0000000000D+000  0.0000000000D+000
GEOMETRY2
  6        1.07850550710000       -0.03017751268870       -0.00000000000000
  6        6.21159743605000        0.17445461700700        0.00000000000000
  6        2.41036610026000        2.25271574575000        0.00000000000001
  6        2.41218010335000       -2.30230013061000       -0.00000000000001
  6        5.04572153303000       -2.18951427814000       -0.00000000000001
  7        4.93388241588000        2.35696382742000        0.00000000000001
  1        1.43417201851000       -4.10419935709000       -0.00000000000001
  1        6.16717955071000       -3.90842661541000       -0.00000000000001
  1        8.26240923219000        0.32889711239100        0.00000000000000
  1        1.41432991778000        4.04971250407000        0.00000000000001
 53       -2.92010361715000       -0.00558115252357       -0.00000000000000
HESSIAN 6-31G(d)<Kr
  33
  4.5310877370D-001
 -9.2505377091D-003  6.2804670679D-001
  0.0000000000D+000  0.0000000000D+000  9.9836093587D-002
  2.7794121032D-009  9.5257234965D-003  0.0000000000D+000  7.6993870660D-001
 -6.2811962287D-003 -7.8913454018D-002  0.0000000000D+000  9.6301055930D-003
  6.6412595751D-001
  0.0000000000D+000  0.0000000000D+000 -9.8745671631D-003  0.0000000000D+000
  0.0000000000D+000  1.5376906012D-001
 -1.4238968678D-001 -3.8555534049D-002  0.0000000000D+000 -6.1150425487D-002
  9.0817054236D-002  0.0000000000D+000  6.7237541505D-001
 -1.0993432904D-001 -2.7778634783D-001  0.0000000000D+000  3.6435652241D-002
  2.5624624071D-002  0.0000000000D+000 -6.6890624827D-002  7.3374083658D-001
  0.0000000000D+000  0.0000000000D+000 -6.4471788583D-002  0.0000000000D+000
  0.0000000000D+000  3.3967283886D-003  0.0000000000D+000  0.0000000000D+000
  1.5052795888D-001
 -1.5780380544D-001  6.3242991507D-002  0.0000000000D+000 -2.0732456945D-002
 -8.3572738955D-002  0.0000000000D+000  7.0695895180D-002  2.5327843370D-002
  0.0000000000D+000  6.7976386088D-001
  1.2007632432D-001 -2.9011539290D-001  0.0000000000D+000 -3.3568980971D-002
  3.5686442029D-002  0.0000000000D+000 -2.2503046146D-002 -5.3773147448D-002
  0.0000000000D+000  4.6866585248D-002  7.3597450097D-001
  0.0000000000D+000  0.0000000000D+000 -5.7476388016D-002  0.0000000000D+000
  0.0000000000D+000  7.0614942849D-003  0.0000000000D+000  0.0000000000D+000
  5.6795272938D-003  0.0000000000D+000  0.0000000000D+000  1.3339758247D-001
 -3.0818385808D-002  7.8853770819D-002  0.0000000000D+000 -1.8141560377D-001
 -4.7000259149D-002  0.0000000000D+000 -5.2588971888D-002 -2.6761980388D-002
  0.0000000000D+000 -3.4434731263D-001 -4.6768177972D-002  0.0000000000D+000
  6.9700593710D-001
  2.6515425439D-002  4.0251078227D-002  0.0000000000D+000 -1.1815501970D-001
 -2.8517178886D-001  0.0000000000D+000 -4.2864971273D-002 -2.2566500481D-002
  0.0000000000D+000  2.3987839391D-002 -1.3124386621D-001  0.0000000000D+000
 -4.0333974675D-002  7.2671433105D-001
  0.0000000000D+000  0.0000000000D+000  6.5279449789D-003  0.0000000000D+000
  0.0000000000D+000 -6.6596438244D-002  0.0000000000D+000  0.0000000000D+000
 -8.0979129107D-003  0.0000000000D+000  1.0918058523D-012 -5.8790260327D-002
  0.0000000000D+000  0.0000000000D+000  1.2653692198D-001
 -4.3813740897D-002 -1.0219164569D-001  0.0000000000D+000 -1.7928523878D-001
  8.1830334422D-002  0.0000000000D+000 -3.4467899281D-001  1.7640220692D-002
  0.0000000000D+000 -6.0411740934D-002  3.5565550166D-002  0.0000000000D+000
  7.1354623347D-002  4.5915782118D-002  0.0000000000D+000  6.0214937545D-001
 -2.0820744828D-002  3.9286461709D-002  0.0000000000D+000  1.1184049236D-001
 -2.8875652964D-001  0.0000000000D+000 -2.1734925872D-002 -1.2116571089D-001
  0.0000000000D+000  3.5385867953D-002 -1.5423581016D-002  0.0000000000D+000
 -1.7944080915D-002 -7.3897698921D-002  0.0000000000D+000 -1.1645943023D-001
  4.5943829134D-001
  0.0000000000D+000  0.0000000000D+000  2.3722975471D-002  0.0000000000D+000
  0.0000000000D+000 -6.6466372455D-002  0.0000000000D+000  0.0000000000D+000
 -6.4843231932D-002  0.0000000000D+000  0.0000000000D+000 -7.9319450229D-003
  0.0000000000D+000  0.0000000000D+000  2.1624828914D-002  0.0000000000D+000
  0.0000000000D+000  9.3912754041D-002
  9.9539470352D-003  1.6939473637D-002  0.0000000000D+000 -5.9471000199D-003
  1.3764082514D-003  0.0000000000D+000 -1.6513072628D-003  3.4111874683D-003
  0.0000000000D+000 -1.2356652734D-001 -1.2216575248D-001  0.0000000000D+000
 -9.4997395362D-003 -2.9059939934D-002  0.0000000000D+000 -3.3105470116D-004
  6.4379706976D-004  0.0000000000D+000  1.2875332026D-001
 -1.4574506589D-002 -1.9327588366D-002  0.0000000000D+000  5.4660287800D-004
  1.8050364542D-003  0.0000000000D+000  4.5427513157D-003 -2.8831661824D-003
  0.0000000000D+000 -1.1930038989D-001 -2.8051266783D-001  0.0000000000D+000
  1.0991503861D-003  4.0393959472D-003  0.0000000000D+000  5.7921840240D-004
  4.6568573056D-004  0.0000000000D+000  1.2822668750D-001  2.9578954903D-001
  0.0000000000D+000  0.0000000000D+000  2.6483485480D-003  0.0000000000D+000
  0.0000000000D+000  8.6568752144D-003  0.0000000000D+000  0.0000000000D+000
  7.6232206162D-003  0.0000000000D+000  0.0000000000D+000 -3.9599459275D-002
  0.0000000000D+000  0.0000000000D+000  4.9251163778D-003  0.0000000000D+000
  0.0000000000D+000 -3.5988628784D-003  0.0000000000D+000  0.0000000000D+000
  2.5745289687D-002
 -4.1876643844D-003 -1.3442249640D-003  0.0000000000D+000  1.2962835603D-002
 -1.2406809275D-002  0.0000000000D+000 -1.4492076426D-003 -9.3499015102D-004
  0.0000000000D+000 -1.2898510696D-002  2.8136863159D-002  0.0000000000D+000
 -1.4375083720D-001  1.2863895962D-001  0.0000000000D+000  1.7333218839D-004
 -3.6942471663D-003  0.0000000000D+000  1.2063070748D-003 -2.4767242709D-004
  0.0000000000D+000  1.4814769604D-001
 -6.4741946311D-004  1.6191085900D-003  0.0000000000D+000  2.0256138625D-002
 -1.6003916644D-002  0.0000000000D+000 -2.1584653157D-003  3.8880211135D-004
  0.0000000000D+000 -3.1484812376D-003  5.8018519901D-003  0.0000000000D+000
  1.2849658279D-001 -2.5908975463D-001  0.0000000000D+000 -3.0642978444D-003
 -5.3162765679D-003  0.0000000000D+000  3.7213554101D-004  7.6009503935D-004
  0.0000000000D+000 -1.3943322442D-001  2.7108902836D-001
  0.0000000000D+000  0.0000000000D+000  8.1066934630D-003  0.0000000000D+000
  0.0000000000D+000  4.8650197383D-004  0.0000000000D+000  0.0000000000D+000
  7.6013773934D-006  0.0000000000D+000  0.0000000000D+000  2.5001731886D-003
  0.0000000000D+000  0.0000000000D+000 -3.5791715419D-002  0.0000000000D+000
  0.0000000000D+000  7.8838089710D-003  0.0000000000D+000  0.0000000000D+000
 -4.0848620703D-003  0.0000000000D+000  0.0000000000D+000  2.5391755042D-002
  7.4872459012D-004 -1.5719200424D-004  0.0000000000D+000 -3.2999767036D-001
 -3.3597375220D-002  0.0000000000D+000  1.2098540391D-003  1.7163814873D-003
  0.0000000000D+000  4.5201552731D-004 -2.7102078000D-003  0.0000000000D+000
 -9.2775947731D-003  1.1197944013D-003  0.0000000000D+000 -1.7700786909D-002
  1.0651588582D-002  0.0000000000D+000 -5.4463500252D-004  1.8680774726D-004
  0.0000000000D+000  4.3025663800D-004 -4.2458346417D-004  0.0000000000D+000
  3.5533885791D-001
  5.5373681949D-004 -1.0237088051D-003  0.0000000000D+000 -3.4558111005D-002
 -6.1110170250D-002  0.0000000000D+000  4.0419079113D-003 -2.9824161772D-003
  0.0000000000D+000 -1.8152647611D-003 -5.2277228671D-003  0.0000000000D+000
 -2.8606774887D-002  2.7840101578D-003  0.0000000000D+000  3.6734565300D-002
 -1.7416404795D-003  0.0000000000D+000 -1.4815301749D-003  8.5076122282D-005
  0.0000000000D+000  6.1452406916D-004  6.7015190284D-004  0.0000000000D+000
  2.3419100342D-002  6.8161423525D-002
  0.0000000000D+000  0.0000000000D+000 -2.5825143279D-004  0.0000000000D+000
  0.0000000000D+000 -4.0759430932D-002  0.0000000000D+000  0.0000000000D+000
  9.9628678644D-003  0.0000000000D+000  0.0000000000D+000  6.8179793943D-003
  0.0000000000D+000  0.0000000000D+000  5.8821247672D-003  0.0000000000D+000
  0.0000000000D+000 -4.3434360545D-003  0.0000000000D+000  0.0000000000D+000
 -3.7992683705D-004  0.0000000000D+000  0.0000000000D+000 -2.8511333572D-003
  0.0000000000D+000  0.0000000000D+000  2.6508985573D-002
  9.1152248062D-003 -1.6472539185D-002  0.0000000000D+000 -3.6849027379D-003
 -3.3747528549D-005  0.0000000000D+000 -1.0945201355D-001  1.1433445829D-001
  0.0000000000D+000 -1.7315549027D-003 -3.0731200737D-003  0.0000000000D+000
 -6.2847653855D-004  1.0963890901D-004  0.0000000000D+000 -2.8942091019D-002
  2.8726841788D-002  0.0000000000D+000  7.5266952796D-004 -7.9017011142D-004
  0.0000000000D+000  2.2561042358D-004  2.8409823412D-004  0.0000000000D+000
 -4.8714666726D-004  9.6063620168D-004  0.0000000000D+000  1.3423692417D-001
  1.4206310039D-002 -1.9705148434D-002  0.0000000000D+000 -2.1577829995D-003
  2.4720252520D-003  0.0000000000D+000  1.1213693206D-001 -2.8153588681D-001
  0.0000000000D+000 -4.0851808957D-003 -3.1582600093D-003  0.0000000000D+000
 -7.3443341709D-004  3.9876092039D-004  0.0000000000D+000  3.4317060350D-003
  9.2372175357D-003  0.0000000000D+000  8.2215985786D-004 -8.8904583616D-004
  0.0000000000D+000  7.0496455004D-005 -4.8435172128D-005  0.0000000000D+000
 -1.2848822404D-004  1.2130063652D-004  0.0000000000D+000 -1.2326887365D-001
  2.9273685875D-001
  0.0000000000D+000  0.0000000000D+000  4.6127011391D-003  0.0000000000D+000
  0.0000000000D+000  1.0605701381D-002  0.0000000000D+000  0.0000000000D+000
 -4.0786761131D-002  0.0000000000D+000  0.0000000000D+000  6.4488250396D-003
  0.0000000000D+000  0.0000000000D+000 -2.5026596479D-004  0.0000000000D+000
  0.0000000000D+000 -3.9804257895D-003  0.0000000000D+000  0.0000000000D+000
 -1.6784898734D-004  0.0000000000D+000  0.0000000000D+000 -1.8750425922D-003
  0.0000000000D+000  0.0000000000D+000  5.1122545863D-004  0.0000000000D+000
  0.0000000000D+000  2.6092840667D-002
 -9.3921057807D-002 -5.8623691030D-004  0.0000000000D+000 -7.1592299692D-004
 -7.5799414936D-004  0.0000000000D+000 -3.0901002934D-002  5.6518706379D-003
  0.0000000000D+000 -2.9429397869D-002  1.3466532713D-004  0.0000000000D+000
  3.9829419048D-003  4.1376909174D-003  0.0000000000D+000  1.4877039327D-003
 -6.6035159741D-003  0.0000000000D+000  8.7661938069D-004 -2.6418038635D-004
  0.0000000000D+000 -8.5773899781D-004 -5.3365274376D-004  0.0000000000D+000
 -1.7155435201D-004  1.3669557036D-004  0.0000000000D+000  5.9580626564D-004
 -2.9263258205D-004  0.0000000000D+000  1.4905610605D-001
  1.6062649536D-004 -2.2334331412D-002  0.0000000000D+000  2.0992234281D-004
  2.4692011660D-004  0.0000000000D+000 -1.6835994435D-002  2.9378665182D-003
  0.0000000000D+000  1.7099831983D-002  1.9879670919D-003  0.0000000000D+000
 -2.9778914130D-004 -2.2180019683D-003  0.0000000000D+000  1.5380277296D-005
 -2.1277317617D-003  0.0000000000D+000  9.1608548840D-004  6.7311021078D-004
  0.0000000000D+000  6.0016325972D-004  1.2991309612D-004  0.0000000000D+000
 -7.5475298523D-005  2.6369067441D-004  0.0000000000D+000 -7.7470239991D-004
  3.6871438316D-004  0.0000000000D+000 -1.0179818571D-003  2.0071677169D-002
  0.0000000000D+000  0.0000000000D+000 -1.3380385301D-002  0.0000000000D+000
  0.0000000000D+000 -2.9227424016D-004  0.0000000000D+000  0.0000000000D+000
  1.0010846688D-003  0.0000000000D+000  0.0000000000D+000  1.8886790063D-003
  0.0000000000D+000  0.0000000000D+000  4.0345705059D-003  0.0000000000D+000
  0.0000000000D+000  4.0337723259D-003  0.0000000000D+000  0.0000000000D+000
 -1.7681128707D-003  0.0000000000D+000  0.0000000000D+000  2.2708039977D-004
  0.0000000000D+000  0.0000000000D+000 -1.0902543058D-003  0.0000000000D+000
  0.0000000000D+000 -1.2109311647D-003  0.0000000000D+000  0.0000000000D+000
  6.5604437408D-003
