C OPT B3LYP 6-31G* FINDBEST=MMFF FREQ NMR POLAR
C CONVERGE SCFTOLERANCE=VERYHIGH GRADIENTTOLERANCE=0.000005
DISTANCETOLERANCE=0.00002 BIGGRID
M0001
0 1
 8   2.601753925  -0.366578083  -1.210832865
 7   1.316751432   0.144768057  -1.040401466
 6   1.123129928   0.221816630   0.264385574
 6   2.276530826  -0.237160765   0.980701558
 6   3.147002979  -0.583551202   0.000000000
 1   2.428538310  -0.297649706   2.047056899
 1   0.174948358   0.599130285   0.664138142
 6   4.569511966  -1.149615847   0.000000000
 6   7.145415582  -2.174655393   0.000000000
 6   5.213488567  -1.405876011  -1.200468000
 6   5.213487638  -1.405875641   1.200467000
 6   6.501439911  -1.918395599   1.200468000
 6   6.501439911  -1.918395599  -1.200467000
 1   4.704321355  -1.203261083  -2.149631812
 1   4.704320426  -1.203260713   2.149630812
 1   7.010607122  -2.121010528   2.149631812
 1   7.010607832  -2.121010810  -2.149630371
 1   8.163749906  -2.579885211   0.000000000
ENDCART
ATOMLABELS
"*O1"
"*N1"
"*C3"
"*C4"
"*C5"
"H17"
"H13"
"C1"
"C4"
"C2"
"C6"
"C5"
"C3"
"H2"
"H6"
"H5"
"H3"
"H4"
ENDATOMLABELS
HESSIAN
    8    6    2    2    2   13   13    3    3    3    3    3
    3   13   13   13   13   13
    1    2    1
    1    5    1
    2    3    2
    3    4    1
    4    5    2
    4    6    1
    3    7    1
    8   11    5
   11   12    5
    9   12    5
    9   13    5
   10   13    5
    8   10    5
   12   16    1
   13   17    1
    9   18    1
   10   14    1
   11   15    1
    5    8    1
ENDHESS
NOCONFORMER
BEGINPROPIN
C DOQSAR PRINTMO THERMO PRINTFREQ PRINTCHG
C QSAR NBO DIPOLE POP PROPPRINTLEV=2 PROPRERUN
 PRINTVIBCOORDS PROP:IGNORE_WARN
ENDPROPIN
BEGINPREFERENCES
 MM:CONF_SELECTION_RULE=2
ENDPREFERENCES
