C OPT B3LYP 6-31G* FINDBEST=MMFF FREQ NMR POLAR
C CONVERGE SCFTOLERANCE=VERYHIGH GRADIENTTOLERANCE=0.000005
DISTANCETOLERANCE=0.00002 BIGGRID
M0001
0 1
 6  -0.262927029   0.056904839   1.085782665
 7  -0.338845786   0.142851361  -0.193681413
 6  -0.146378945   1.375758950  -0.962913340
 6   1.272726915   1.928541316  -0.803410314
 1   2.022490327   1.141407605  -0.941750223
 1   1.434680725   2.370268848   0.183412019
 1   1.472506405   2.717364378  -1.537753859
 6  -0.337202749   0.961495704  -2.435498357
 1   0.389242747   0.193426475  -2.726360980
 1  -0.214596074   1.814427777  -3.112324187
 1  -1.336409189   0.541278800  -2.600600475
 6  -1.205518060   2.428099343  -0.622803014
 1  -1.045466458   2.870210317   0.364157947
 1  -2.212087888   1.995002613  -0.633146453
 1  -1.186030091   3.253265090  -1.344007436
 7   0.006311934   1.066522628   1.987614620
 7  -0.464084977  -1.166459635   1.709361374
 6  -1.088494008   1.481748760   2.863841703
 1  -0.867019524   2.455942364   3.312471041
 1  -1.249850109   0.757204405   3.669559188
 1  -2.021054325   1.585556284   2.298829224
 6   1.287087130   1.002885436   2.690716245
 1   2.098996232   0.755047457   1.998571898
 1   1.267273396   0.249809347   3.486118533
 1   1.523085663   1.974151321   3.138287112
 6  -1.820225160  -1.711367833   1.570093052
 1  -1.951275174  -2.575446903   2.230183426
 1  -2.021622098  -2.025093352   0.539665978
 1  -2.567234636  -0.964074412   1.858118077
 6   0.543474966  -2.187836215   1.397833447
 1   1.553035418  -1.794627485   1.557844755
 1   0.462662722  -2.525868875   0.358618511
 1   0.421941184  -3.053833541   2.057230307
ENDCART
ATOMLABELS
"C1"
"*N1"
"C2"
"C3"
"H1"
"H6"
"H7"
"C4"
"H5"
"H8"
"H9"
"C5"
"H4"
"H10"
"H11"
"N2"
"N3"
"C6"
"H2"
"H14"
"H15"
"C7"
"H12"
"H16"
"H17"
"C8"
"H3"
"H18"
"H19"
"C9"
"H13"
"H20"
"H21"
ENDATOMLABELS
HESSIAN
    2    6    1    1   13   13   13    1   13   13   13    1
   13   13   13    5    5    1   13   13   13    1   13   13
   13    1   13   13   13    1   13   13   13
    1    2    2
    2    3    1
    4    5    1
    4    6    1
    4    7    1
    3    4    1
    8    9    1
    8   10    1
    8   11    1
    3    8    1
   12   13    1
   12   14    1
   12   15    1
    3   12    1
    1   16    1
    1   17    1
   18   19    1
   18   20    1
   18   21    1
   16   18    1
   22   23    1
   22   24    1
   22   25    1
   16   22    1
   26   27    1
   26   28    1
   26   29    1
   17   26    1
   30   31    1
   30   32    1
   30   33    1
   17   30    1
ENDHESS
NOCONFORMER
BEGINPROPIN
C DOQSAR PRINTMO THERMO PRINTFREQ PRINTCHG
C QSAR NBO DIPOLE POP PROPPRINTLEV=2 PROPRERUN
 PRINTVIBCOORDS PROP:IGNORE_WARN
ENDPROPIN
BEGINPREFERENCES
 MM:CONF_SELECTION_RULE=2
ENDPREFERENCES
