C OPT B3LYP 6-31G* FREQ NMR POLAR CONVERGE
C SCFTOLERANCE=VERYHIGH GRADIENTTOLERANCE=0.000005
 DISTANCETOLERANCE=0.00002 BIGGRID
M0001
0 1
 1   4.168809136  -2.682007412   0.506715894
 6   3.110991303  -2.441585676   0.523514245
 6   0.339996369  -1.940893347   0.595892087
 6   2.637015172  -1.172002580   0.173357265
 6   2.244135598  -3.439241800   0.948764488
 6   0.875604114  -3.198805855   1.004470155
 6   1.246013471  -0.874988643   0.220266251
 1   2.672678862  -4.394661491   1.230326663
15   0.598451544   0.834522404  -0.077514952
 6  -1.159575210  -1.807042143   0.595466952
 6  -4.015351569  -1.593773085   0.616075293
 6  -1.851207282  -1.327725783   1.750526654
 6  -1.938927257  -2.269306497  -0.516650951
 6  -3.345250088  -2.138886992  -0.479499687
 6  -3.259056227  -1.216268268   1.725189026
 1  -3.938105805  -2.498373581  -1.316859743
 1  -3.782443650  -0.855024902   2.607670007
 6  -1.136964872  -1.024348471   3.069137990
 1  -0.059759634  -0.966116932   2.898712475
 6  -1.558060203   0.315857649   3.686634689
 1  -1.520972190   1.120439888   2.948320011
 1  -0.889075964   0.580971202   4.512874408
 1  -2.573856338   0.286182098   4.094643294
 6  -1.367390966  -2.150066798   4.085040410
 1  -0.802245907  -1.960083265   5.004060753
 1  -1.043856843  -3.117417350   3.690469573
 1  -2.424804271  -2.242646443   4.356990387
 6  -5.526526822  -1.456702290   0.644998114
 1  -5.814407940  -0.954609784   1.578301704
 6  -6.211406594  -2.825438061   0.637706952
 1  -5.859197285  -3.443911581   1.470838597
 1  -6.018168067  -3.374932927  -0.290114276
 1  -7.296390284  -2.713746776   0.738537516
 6  -6.039622771  -0.582989995  -0.503018027
 1  -5.856416383  -1.039915453  -1.481530078
 1  -5.552077875   0.398288900  -0.495920398
 1  -7.119101074  -0.421626638  -0.409932696
 6  -1.326750690  -2.997145539  -1.721636101
 1  -0.263496365  -2.749255386  -1.791566473
 6  -1.957599029  -2.608525923  -3.071190424
 1  -2.117602255  -1.532450639  -3.158789281
 1  -2.928347696  -3.093076993  -3.226044138
 1  -1.308692844  -2.924784580  -3.895635416
 6  -1.449935785  -4.519800060  -1.570929523
 1  -0.993753799  -5.029221792  -2.427096952
 1  -2.497885588  -4.835785539  -1.513483084
 1  -0.951992681  -4.886733414  -0.673290008
 8   3.492944089  -0.165276992  -0.188762004
 8  -0.028359342  -4.132430160   1.455059890
 6   4.859932537  -0.475039267  -0.424075601
 1   5.343911186   0.427823595  -0.808994873
 1   4.967287980  -1.256689514  -1.183312377
 1   5.364993950  -0.749021095   0.507539977
 6   0.469804442  -5.332170413   2.028970848
 1  -0.385909639  -5.904471695   2.399915953
 1   1.124376050  -5.123649129   2.881629830
 1   0.977613400  -5.945063183   1.277440459
 6   1.454882436   2.078268820   1.029453551
 6   2.425100306   2.464686766   3.375671542
 6   3.259192690   3.842697925   1.452949422
 6   3.655696394   3.141334402   2.758597210
 6   2.698770980   2.802377600   0.461701239
 6   1.868626719   1.428262061   2.383827946
 1   2.708620917   1.964832858   4.308835549
 1   4.138964556   4.328176146   1.015241539
 1   4.077730724   3.868553739   3.463002321
 1   2.467931213   3.329351894  -0.466419518
 1   1.014870837   0.932792681   2.850458541
 6   0.751866485   1.278944533  -1.878653075
 6   0.172325053   3.060956594  -3.628716326
 6   2.153702459   1.556126742  -3.994454346
 6   1.607883028   2.980484661  -4.168102743
 6   2.164029848   1.182008229  -2.498627925
 6   0.177414905   2.705054029  -2.132535545
 1   2.249678203   3.695575912  -3.638947750
 1   2.879349276   1.831198311  -1.990331011
 1   0.762361547   3.469519785  -1.615995174
 1  -0.215926848   4.076803849  -3.763982176
 1   3.173148361   1.500445730  -4.392868515
 1   1.624898256   3.261050087  -5.228406417
 1   2.549163054   0.159638347  -2.418787666
 1  -0.846673249   2.784446911  -1.742111212
 6  -0.150319333   0.303514729  -2.689192408
 1  -1.177430067   0.326709823  -2.301858868
 1   0.218773646  -0.721275914  -2.577565563
 6  -0.719107783   2.065226763  -4.380367556
 1  -1.749114694   2.125794463  -4.008050225
 1  -0.750509032   2.318547995  -5.447114101
 6   1.252628432   0.569656661  -4.750505762
 1   1.642761913  -0.450606104  -4.649662416
 1   1.251242742   0.805183753  -5.821803008
 6  -0.174430884   0.644510965  -4.191448737
 1  -0.814080056  -0.067835602  -4.723902176
 1   3.501686000   2.102016306   0.229453653
 1   4.436979585   2.396487604   2.563331481
 1   2.633109132   0.658353287   2.235158459
 6   0.395558887   3.183625105   1.370067574
 1  -0.508871430   2.736380918   1.799559826
 1   0.068147359   3.709562177   0.466510035
 6   2.183054940   4.897450630   1.745082301
 1   1.905403846   5.417821993   0.820202840
 1   2.577638559   5.656785443   2.431321807
 6   1.348971621   3.519626313   3.663884028
 1   0.470861785   3.046804284   4.120462810
 1   1.726639177   4.253617992   4.386259044
 6   0.949841750   4.222833857   2.360147607
 1   0.182941634   4.977264342   2.569018151
ENDCART
ATOMLABELS
"*H3"
"*C3"
"*C6"
"*C2"
"*C4"
"*C5"
"*C1"
"*H4"
"*P1"
"*C7"
"*C10"
"*C8"
"*C12"
"*C11"
"*C9"
"*H11"
"*H9"
"*C13"
"H28"
"C24"
"H4"
"H30"
"H31"
"C25"
"H29"
"H32"
"H33"
"*C14"
"H35"
"C27"
"H27"
"H36"
"H37"
"C28"
"H34"
"H38"
"H39"
"*C15"
"H41"
"C30"
"H24"
"H42"
"H43"
"C31"
"H40"
"H44"
"H45"
"O1"
"O2"
"C4"
"H2"
"H12"
"H15"
"C5"
"H5"
"H16"
"H17"
"*C17"
"C3"
"C2"
"C6"
"C7"
"C8"
"H8"
"H9"
"H13"
"H14"
"H18"
"*C16"
"C10"
"C11"
"C12"
"C13"
"C14"
"H21"
"H22"
"H23"
"H26"
"H46"
"H47"
"H48"
"H49"
"C19"
"H11"
"H25"
"C20"
"H19"
"H57"
"C21"
"H58"
"H59"
"C22"
"H20"
"H52"
"H62"
"H63"
"C1"
"H1"
"H3"
"C9"
"H50"
"H51"
"C15"
"H6"
"H54"
"C16"
"H55"
ENDATOMLABELS
HESSIAN
   13    3    3    3    3    3    3   13   12    3    3    3
    3    3    3   13   13    1   13    1   13   13   13    1
   13   13   13    1   13    1   13   13   13    1   13   13
   13    1   13    1   13   13   13    1   13   13   13    8
    8    1   13   13   13    1   13   13   13    1    1    1
    1    1    1   13   13   13   13   13    1    1    1    1
    1    1   13   13   13   13   13   13   13   13    1   13
   13    1   13   13    1   13   13    1   13   13   13   13
    1   13   13    1   13   13    1   13   13    1   13
    1    2    1
    2    5    5
    5    6    5
    3    6    5
    3    7    5
    4    7    5
    2    4    5
    5    8    1
    7    9    1
   10   13    5
   13   14    5
   11   14    5
   11   15    5
   12   15    5
   10   12    5
   14   16    1
   15   17    1
    3   10    1
   18   19    1
   12   18    1
   20   21    1
   20   22    1
   20   23    1
   18   20    1
   24   25    1
   24   26    1
   24   27    1
   18   24    1
   28   29    1
   11   28    1
   30   31    1
   30   32    1
   30   33    1
   28   30    1
   34   35    1
   34   36    1
   34   37    1
   28   34    1
   38   39    1
   13   38    1
   40   41    1
   40   42    1
   40   43    1
   38   40    1
   44   45    1
   44   46    1
   44   47    1
   38   44    1
    4   48    1
    6   49    1
   50   51    1
   50   52    1
   50   53    1
   48   50    1
   54   55    1
   54   56    1
   54   57    1
   49   54    1
   58   62    1
   58   63    1
   59   64    1
   59   61    1
   59   63    1
   60   65    1
   60   62    1
   60   61    1
   61   66    1
   62   67    1
   63   68    1
    9   58    1
   69   73    1
   69   74    1
   70   78    1
   70   72    1
   70   74    1
   71   79    1
   71   73    1
   71   72    1
   72   75    1
   72   80    1
   73   76    1
   73   81    1
   74   77    1
   74   82    1
    9   69    1
   83   84    1
   83   85    1
   69   83    1
   86   87    1
   86   88    1
   70   86    1
   89   90    1
   89   91    1
   71   89    1
   92   93    1
   89   92    1
   92   83    1
   86   92    1
   62   94    1
   61   95    1
   63   96    1
   97   98    1
   97   99    1
   58   97    1
  100  101    1
  100  102    1
   60  100    1
  103  104    1
  103  105    1
   59  103    1
  106  107    1
   97  106    1
  103  106    1
  100  106    1
ENDHESS
BEGINPROPIN
C DOQSAR PRINTMO THERMO PRINTFREQ PRINTCHG
C NBO POP PROPPRINTLEV=2 PROPRERUN PRINTVIBCOORDS
 PROP:IGNORE_WARN
ENDPROPIN
BEGINPREFERENCES
 MM:CONF_SELECTION_RULE=2
ENDPREFERENCES
