C OPT B3LYP 6-31G* FINDBEST=MMFF FREQ NMR POLAR
C CONVERGE SCFTOLERANCE=VERYHIGH GRADIENTTOLERANCE=0.000005
DISTANCETOLERANCE=0.00002 BIGGRID
M0001
0 1
 8   2.068638402   0.060393830  -3.863982835
 7   0.728487483   0.169586262  -3.559034965
 6   0.333008292  -1.045964820  -3.154629002
 6   1.436424663  -1.942974715  -3.172909375
 6   2.513359862  -1.213740349  -3.630784315
 1   1.425637634  -2.983639186  -2.882664729
 6  -1.028046951  -1.374808322  -2.710239955
 8  -2.046517874  -0.480253213  -2.911777322
 6  -2.050595166   0.410274365  -4.035936734
 1  -1.607027487   1.367995921  -3.752020069
 1  -3.094829636   0.589763146  -4.308400357
 1  -1.551446708  -0.028141530  -4.905105670
 8  -1.257606718  -2.431276079  -2.124879662
 6   3.871479767  -1.632088766  -3.847083065
16   5.051004139  -0.541966009  -4.450570458
 6   6.276035246  -1.732813757  -4.413563366
 6   5.806020048  -2.940805023  -3.952085693
 6   4.418304459  -2.882775650  -3.625214278
 1   7.280777460  -1.489188756  -4.731337255
 1   6.426112805  -3.823589645  -3.852611895
 1   3.858246247  -3.728014616  -3.243874771
ENDCART
ATOMLABELS
"*O1"
"*N1"
"*C3"
"*C4"
"*C5"
"H17"
"C6"
"O1"
"C7"
"H3"
"H5"
"H7"
"O2"
"C1"
"S1"
"C3"
"C4"
"C5"
"H8"
"H9"
"H11"
ENDATOMLABELS
HESSIAN
    8    6    2    2    2   13    2    8    1   13   13   13
    9    2   10    2    2    2   13   13   13
    1    2    1
    1    5    1
    2    3    2
    3    4    1
    4    5    2
    4    6    1
    3    7    1
    7    8    1
    9   10    1
    9   11    1
    9   12    1
    8    9    1
    7   13    2
   14   15    1
   14   18    2
   15   16    1
   16   19    1
   16   17    2
   17   20    1
   17   18    1
   18   21    1
    5   14    1
ENDHESS
NOCONFORMER
BEGINPROPIN
C DOQSAR PRINTMO THERMO PRINTFREQ PRINTCHG
C QSAR NBO DIPOLE POP PROPPRINTLEV=2 PROPRERUN
 PRINTVIBCOORDS PROP:IGNORE_WARN
ENDPROPIN
BEGINPREFERENCES
 MM:CONF_SELECTION_RULE=2
ENDPREFERENCES
