C OPT B3LYP 6-31G* FINDBEST=MMFF FREQ NMR POLAR
C CONVERGE SCFTOLERANCE=VERYHIGH GRADIENTTOLERANCE=0.000005
DISTANCETOLERANCE=0.00002 BIGGRID
M0001
0 1
 8   2.018763747   0.199617256  -4.432859426
 7   0.705882245   0.300205854  -3.996121909
 6   0.558169463  -0.689093461  -3.108718427
 6   1.735840681  -1.442656295  -2.944770120
 6   2.627265495  -0.842215683  -3.801543063
 1   1.920424144  -2.292469560  -2.306089862
 7  -0.695885278  -0.867063377  -2.461963555
 6  -1.000141603  -1.839552989  -1.526519455
 6  -2.312062398  -1.690234462  -1.130986657
 6  -2.841150754  -0.591604535  -1.841399175
 6  -1.835458928  -0.105895629  -2.647401562
 1  -0.258587203  -2.561688249  -1.215830429
 1  -2.829504462  -2.308066742  -0.408055641
 1  -3.845706146  -0.193305933  -1.776424574
 1  -1.828904413   0.722563637  -3.344043956
 6   4.036213201  -1.085893466  -4.156530730
 1   4.647733247  -0.208841306  -3.923554778
 1   4.131048749  -1.299585105  -5.225547639
 1   4.439082856  -1.938897700  -3.601802210
ENDCART
ATOMLABELS
"*O1"
"*N1"
"*C3"
"*C4"
"*C5"
"H17"
"N1"
"C2"
"C3"
"C4"
"C5"
"H4"
"H6"
"H8"
"H10"
"C1"
"H2"
"H3"
"H1"
ENDATOMLABELS
HESSIAN
    8    6    2    2    2   13    5    2    2    2    2   13
   13   13   13    1   13   13   13
    1    2    1
    1    5    1
    2    3    2
    3    4    1
    4    5    2
    4    6    1
    7    8    1
    7   11    1
    8   12    1
    8    9    2
    9   13    1
    9   10    1
   10   14    1
   10   11    2
   11   15    1
    3    7    1
   16   17    1
   16   18    1
   16   19    1
    5   16    1
ENDHESS
NOCONFORMER
BEGINPROPIN
C DOQSAR PRINTMO THERMO PRINTFREQ PRINTCHG
C QSAR NBO DIPOLE POP PROPPRINTLEV=2 PROPRERUN
 PRINTVIBCOORDS PROP:IGNORE_WARN
ENDPROPIN
BEGINPREFERENCES
 MM:CONF_SELECTION_RULE=2
ENDPREFERENCES
