C OPT B3LYP 6-31G* FINDBEST=MMFF FREQ NMR POLAR
C CONVERGE SCFTOLERANCE=VERYHIGH GRADIENTTOLERANCE=0.000005
DISTANCETOLERANCE=0.00002 BIGGRID
M0001
0 1
 8   1.923779627  -0.303050597  -2.195569137
 7   0.553843409  -0.416052448  -2.365808552
 6   0.186644345  -1.410833932  -1.558411971
 6   1.279816190  -1.964563726  -0.871746574
 6   2.368798463  -1.239799618  -1.300214867
 1   1.268742921  -2.769379122  -0.155134661
 1  -0.857193848  -1.684929872  -1.506783823
 7   3.697745028  -1.278430618  -0.999657007
 6   4.251737515  -2.366686194  -0.191557499
 1   5.348369318  -2.323156216  -0.174130483
 1   3.996149124  -3.323528290  -0.665705435
 6   4.649401635  -0.497500579  -1.793467565
 1   5.468169809  -1.143497346  -2.137813341
 1   4.211828609  -0.100218853  -2.718476231
 6   3.792634787  -2.358370274   1.253108715
 6   3.013725012  -2.396595385   3.954136552
 6   3.489889243  -3.569841834   1.896096263
 6   3.719750555  -1.170572138   1.995296811
 6   3.326724788  -1.188995683   3.334714602
 6   3.097413250  -3.587343674   3.236193683
 1   3.556500288  -4.511489621   1.355656235
 1   3.961709618  -0.217683932   1.529769082
 1   3.267191419  -0.257651628   3.891842992
 1   2.860340738  -4.530594494   3.721349682
 1   2.708814733  -2.408800314   4.997081965
 6   5.207140859   0.653505117  -0.986781970
 6   6.215114391   2.785889610   0.534578463
 6   6.493079954   0.587144087  -0.430553055
 6   4.432273767   1.802083020  -0.764559686
 6   4.934562500   2.862434247  -0.009107940
 6   6.993644236   1.649043553   0.325178372
 1   7.112323061  -0.294230469  -0.578076908
 1   3.425715131   1.867864903  -1.173947726
 1   4.323186069   3.745436708   0.157425236
 1   7.990720691   1.588405527   0.753482735
 1   6.604851099   3.611329221   1.124254277
ENDCART
ATOMLABELS
"*O1"
"*N1"
"*C3"
"*C4"
"*C5"
"H17"
"H9"
"N1"
"C1"
"H2"
"H1"
"C2"
"H3"
"H6"
"C3"
"C4"
"C5"
"C6"
"C7"
"C8"
"H4"
"H7"
"H8"
"H10"
"H11"
"C9"
"C10"
"C11"
"C12"
"C13"
"C14"
"H5"
"H12"
"H13"
"H14"
"H15"
ENDATOMLABELS
HESSIAN
    8    6    2    2    2   13   13    5    1   13   13    1
   13   13    3    3    3    3    3    3   13   13   13   13
   13    3    3    3    3    3    3   13   13   13   13   13
    1    2    1
    1    5    1
    2    3    2
    3    4    1
    4    5    2
    4    6    1
    3    7    1
    5    8    1
    9   10    1
    9   11    1
    8    9    1
   12   13    1
   12   14    1
    8   12    1
   15   18    5
   18   19    5
   16   19    5
   16   20    5
   17   20    5
   15   17    5
   19   23    1
   20   24    1
   16   25    1
   17   21    1
   18   22    1
    9   15    1
   26   29    5
   29   30    5
   27   30    5
   27   31    5
   28   31    5
   26   28    5
   30   34    1
   31   35    1
   27   36    1
   28   32    1
   29   33    1
   12   26    1
ENDHESS
NOCONFORMER
BEGINPROPIN
C DOQSAR PRINTMO THERMO PRINTFREQ PRINTCHG
C QSAR NBO DIPOLE POP PROPPRINTLEV=2 PROPRERUN
 PRINTVIBCOORDS PROP:IGNORE_WARN
ENDPROPIN
BEGINPREFERENCES
 MM:CONF_SELECTION_RULE=2
ENDPREFERENCES
