External AB INITIO PROGRAM: converted archive file
Jobname.Temp
  11 100  34  86   0   1  32   0 RB3LYP   6-31G(d)        NOOPTOPT FREQ        
GEOMETRY
  8    -0.1199900    -1.9909769    -0.0000000
  7    -2.7223314    -1.4904417    -0.0000000
  6    -2.8922662     0.9828719    -0.0000000
  6    -0.4873149     2.1807736     0.0000000
  6     1.1750619     0.2096690     0.0000000
  1    -0.0652805     4.1768912     0.0000000
  1    -4.7498836     1.8426474    -0.0000000
  6     3.9853715     0.0282712     0.0000000
  1     4.6619103    -0.9920918    -1.6705181
  1     4.6619103    -0.9920918     1.6705181
  1     4.8224701     1.9160381     0.0000000
BASIS
   0   6   1   1   0
   1   3   7   1   0
   1   1  10   1   0
   2   1  11   1   0
   0   6  12   2   0
   1   3  18   2   0
   1   1  21   2   0
   2   1  22   2   0
   0   6  23   3   0
   1   3  29   3   0
   1   1  32   3   0
   2   1  33   3   0
   0   6  34   4   0
   1   3  40   4   0
   1   1  43   4   0
   2   1  44   4   0
   0   6  45   5   0
   1   3  51   5   0
   1   1  54   5   0
   2   1  55   5   0
   0   3  56   6   0
   0   1  59   6   0
   0   3  60   7   0
   0   1  63   7   0
   0   6  64   8   0
   1   3  70   8   0
   1   1  73   8   0
   2   1  74   8   0
   0   3  75   9   0
   0   1  78   9   0
   0   3  79  10   0
   0   1  82  10   0
   0   3  83  11   0
   0   1  86  11   0
  5.4846717000D+003
  8.3173520885D-001  0.0000000000D+000  0.0000000000D+000  0.0000000000D+000
  8.2523495000D+002
  1.5308074829D+000  0.0000000000D+000  0.0000000000D+000  0.0000000000D+000
  1.8804696000D+002
  2.4771490916D+000  0.0000000000D+000  0.0000000000D+000  0.0000000000D+000
  5.2964500000D+001
  3.2562802462D+000  0.0000000000D+000  0.0000000000D+000  0.0000000000D+000
  1.6897570000D+001
  2.7928936336D+000  0.0000000000D+000  0.0000000000D+000  0.0000000000D+000
  5.7996353000D+000
  9.5493769626D-001  0.0000000000D+000  0.0000000000D+000  0.0000000000D+000
  1.5539616000D+001
 -6.1793369763D-001  3.1169455889D+000  0.0000000000D+000  0.0000000000D+000
  3.5999336000D+000
 -2.7572100882D-001  2.4014372483D+000  0.0000000000D+000  0.0000000000D+000
  1.0137618000D+000
  8.1420764273D-001  1.0543605133D+000  0.0000000000D+000  0.0000000000D+000
  2.7000580000D-001
  2.6695613886D-001  2.7743193731D-001  0.0000000000D+000  0.0000000000D+000
  8.0000000000D-001
  0.0000000000D+000  0.0000000000D+000  1.1138249281D+000  0.0000000000D+000
  4.1735110000D+003
  6.7900795717D-001  0.0000000000D+000  0.0000000000D+000  0.0000000000D+000
  6.2745790000D+002
  1.2504643275D+000  0.0000000000D+000  0.0000000000D+000  0.0000000000D+000
  1.4290210000D+002
  2.0203691378D+000  0.0000000000D+000  0.0000000000D+000  0.0000000000D+000
  4.0234330000D+001
  2.6442129843D+000  0.0000000000D+000  0.0000000000D+000  0.0000000000D+000
  1.2820210000D+001
  2.2650039968D+000  0.0000000000D+000  0.0000000000D+000  0.0000000000D+000
  4.3904370000D+000
  7.7918723086D-001  0.0000000000D+000  0.0000000000D+000  0.0000000000D+000
  1.1626358000D+001
 -5.1587381029D-001  2.0680595460D+000  0.0000000000D+000  0.0000000000D+000
  2.7162800000D+000
 -2.5502391857D-001  1.6100106206D+000  0.0000000000D+000  0.0000000000D+000
  7.7221800000D-001
  6.7273441626D-001  7.6448998766D-001  0.0000000000D+000  0.0000000000D+000
  2.1203130000D-001
  2.2269479901D-001  2.0508790938D-001  0.0000000000D+000  0.0000000000D+000
  8.0000000000D-001
  0.0000000000D+000  0.0000000000D+000  1.1138249281D+000  0.0000000000D+000
  3.0475249000D+003
  5.3633438234D-001  0.0000000000D+000  0.0000000000D+000  0.0000000000D+000
  4.5736951000D+002
  9.8945060758D-001  0.0000000000D+000  0.0000000000D+000  0.0000000000D+000
  1.0394869000D+002
  1.5972822308D+000  0.0000000000D+000  0.0000000000D+000  0.0000000000D+000
  2.9210155000D+001
  2.0791870615D+000  0.0000000000D+000  0.0000000000D+000  0.0000000000D+000
  9.2866630000D+000
  1.7741742532D+000  0.0000000000D+000  0.0000000000D+000  0.0000000000D+000
  3.1639270000D+000
  6.1257982601D-001  0.0000000000D+000  0.0000000000D+000  0.0000000000D+000
  7.8682724000D+000
 -3.9955635160D-001  1.2960827175D+000  0.0000000000D+000  0.0000000000D+000
  1.8812885000D+000
 -1.8415523929D-001  9.9375362822D-001  0.0000000000D+000  0.0000000000D+000
  5.4424930000D-001
  5.1639037938D-001  4.9595271376D-001  0.0000000000D+000  0.0000000000D+000
  1.6871440000D-001
  1.8761787212D-001  1.5412755095D-001  0.0000000000D+000  0.0000000000D+000
  8.0000000000D-001
  0.0000000000D+000  0.0000000000D+000  1.1138249281D+000  0.0000000000D+000
  3.0475249000D+003
  5.3633438234D-001  0.0000000000D+000  0.0000000000D+000  0.0000000000D+000
  4.5736951000D+002
  9.8945060758D-001  0.0000000000D+000  0.0000000000D+000  0.0000000000D+000
  1.0394869000D+002
  1.5972822308D+000  0.0000000000D+000  0.0000000000D+000  0.0000000000D+000
  2.9210155000D+001
  2.0791870615D+000  0.0000000000D+000  0.0000000000D+000  0.0000000000D+000
  9.2866630000D+000
  1.7741742532D+000  0.0000000000D+000  0.0000000000D+000  0.0000000000D+000
  3.1639270000D+000
  6.1257982601D-001  0.0000000000D+000  0.0000000000D+000  0.0000000000D+000
  7.8682724000D+000
 -3.9955635160D-001  1.2960827175D+000  0.0000000000D+000  0.0000000000D+000
  1.8812885000D+000
 -1.8415523929D-001  9.9375362822D-001  0.0000000000D+000  0.0000000000D+000
  5.4424930000D-001
  5.1639037938D-001  4.9595271376D-001  0.0000000000D+000  0.0000000000D+000
  1.6871440000D-001
  1.8761787212D-001  1.5412755095D-001  0.0000000000D+000  0.0000000000D+000
  8.0000000000D-001
  0.0000000000D+000  0.0000000000D+000  1.1138249281D+000  0.0000000000D+000
  3.0475249000D+003
  5.3633438234D-001  0.0000000000D+000  0.0000000000D+000  0.0000000000D+000
  4.5736951000D+002
  9.8945060758D-001  0.0000000000D+000  0.0000000000D+000  0.0000000000D+000
  1.0394869000D+002
  1.5972822308D+000  0.0000000000D+000  0.0000000000D+000  0.0000000000D+000
  2.9210155000D+001
  2.0791870615D+000  0.0000000000D+000  0.0000000000D+000  0.0000000000D+000
  9.2866630000D+000
  1.7741742532D+000  0.0000000000D+000  0.0000000000D+000  0.0000000000D+000
  3.1639270000D+000
  6.1257982601D-001  0.0000000000D+000  0.0000000000D+000  0.0000000000D+000
  7.8682724000D+000
 -3.9955635160D-001  1.2960827175D+000  0.0000000000D+000  0.0000000000D+000
  1.8812885000D+000
 -1.8415523929D-001  9.9375362822D-001  0.0000000000D+000  0.0000000000D+000
  5.4424930000D-001
  5.1639037938D-001  4.9595271376D-001  0.0000000000D+000  0.0000000000D+000
  1.6871440000D-001
  1.8761787212D-001  1.5412755095D-001  0.0000000000D+000  0.0000000000D+000
  8.0000000000D-001
  0.0000000000D+000  0.0000000000D+000  1.1138249281D+000  0.0000000000D+000
  1.8731137000D+001
  2.1493541833D-001  0.0000000000D+000  0.0000000000D+000  0.0000000000D+000
  2.8253937000D+000
  3.6457112721D-001  0.0000000000D+000  0.0000000000D+000  0.0000000000D+000
  6.4012170000D-001
  4.1505142766D-001  0.0000000000D+000  0.0000000000D+000  0.0000000000D+000
  1.6127780000D-001
  1.8138068393D-001  0.0000000000D+000  0.0000000000D+000  0.0000000000D+000
  1.8731137000D+001
  2.1493541833D-001  0.0000000000D+000  0.0000000000D+000  0.0000000000D+000
  2.8253937000D+000
  3.6457112721D-001  0.0000000000D+000  0.0000000000D+000  0.0000000000D+000
  6.4012170000D-001
  4.1505142766D-001  0.0000000000D+000  0.0000000000D+000  0.0000000000D+000
  1.6127780000D-001
  1.8138068393D-001  0.0000000000D+000  0.0000000000D+000  0.0000000000D+000
  3.0475249000D+003
  5.3633438234D-001  0.0000000000D+000  0.0000000000D+000  0.0000000000D+000
  4.5736951000D+002
  9.8945060758D-001  0.0000000000D+000  0.0000000000D+000  0.0000000000D+000
  1.0394869000D+002
  1.5972822308D+000  0.0000000000D+000  0.0000000000D+000  0.0000000000D+000
  2.9210155000D+001
  2.0791870615D+000  0.0000000000D+000  0.0000000000D+000  0.0000000000D+000
  9.2866630000D+000
  1.7741742532D+000  0.0000000000D+000  0.0000000000D+000  0.0000000000D+000
  3.1639270000D+000
  6.1257982601D-001  0.0000000000D+000  0.0000000000D+000  0.0000000000D+000
  7.8682724000D+000
 -3.9955635160D-001  1.2960827175D+000  0.0000000000D+000  0.0000000000D+000
  1.8812885000D+000
 -1.8415523929D-001  9.9375362822D-001  0.0000000000D+000  0.0000000000D+000
  5.4424930000D-001
  5.1639037938D-001  4.9595271376D-001  0.0000000000D+000  0.0000000000D+000
  1.6871440000D-001
  1.8761787212D-001  1.5412755095D-001  0.0000000000D+000  0.0000000000D+000
  8.0000000000D-001
  0.0000000000D+000  0.0000000000D+000  1.1138249281D+000  0.0000000000D+000
  1.8731137000D+001
  2.1493541833D-001  0.0000000000D+000  0.0000000000D+000  0.0000000000D+000
  2.8253937000D+000
  3.6457112721D-001  0.0000000000D+000  0.0000000000D+000  0.0000000000D+000
  6.4012170000D-001
  4.1505142766D-001  0.0000000000D+000  0.0000000000D+000  0.0000000000D+000
  1.6127780000D-001
  1.8138068393D-001  0.0000000000D+000  0.0000000000D+000  0.0000000000D+000
  1.8731137000D+001
  2.1493541833D-001  0.0000000000D+000  0.0000000000D+000  0.0000000000D+000
  2.8253937000D+000
  3.6457112721D-001  0.0000000000D+000  0.0000000000D+000  0.0000000000D+000
  6.4012170000D-001
  4.1505142766D-001  0.0000000000D+000  0.0000000000D+000  0.0000000000D+000
  1.6127780000D-001
  1.8138068393D-001  0.0000000000D+000  0.0000000000D+000  0.0000000000D+000
  1.8731137000D+001
  2.1493541833D-001  0.0000000000D+000  0.0000000000D+000  0.0000000000D+000
  2.8253937000D+000
  3.6457112721D-001  0.0000000000D+000  0.0000000000D+000  0.0000000000D+000
  6.4012170000D-001
  4.1505142766D-001  0.0000000000D+000  0.0000000000D+000  0.0000000000D+000
  1.6127780000D-001
  1.8138068393D-001  0.0000000000D+000  0.0000000000D+000  0.0000000000D+000
ENERGY
 -2.8535930855D+002   0.0000000000D+00
WAVEFUNC   6-31G(d)   QCHEM 
 -1.9228742040D+001 -1.4375213876D+001 -1.0260507177D+001 -1.0222468382D+001
 -1.0207630075D+001 -1.0194653892D+001 -1.1334550319D+000 -8.6531750537D-001
 -8.0565993023D-001 -7.2342310131D-001 -6.1560563925D-001 -5.7612838270D-001
 -5.1156627759D-001 -4.7295121491D-001 -4.5329313553D-001 -4.2392037621D-001
 -4.1751441633D-001 -3.9801696614D-001 -3.8070098342D-001 -3.0096269421D-001
 -2.9581538386D-001 -2.5380597035D-001 -8.7648182606D-003  6.4869727143D-002
  8.9292180215D-002  1.1324697424D-001  1.3719486331D-001  1.4785608157D-001
  1.6718599794D-001  1.6857810107D-001  2.1613436531D-001  2.3264063416D-001
  9.9272163671D-001  2.5661224399D-002 -3.8955564137D-004  9.0747858384D-004
  0.0000000000D+000  1.3554720291D-002  2.7769796359D-004  8.2521402246D-004
  0.0000000000D+000 -8.2413393732D-003 -8.1485401829D-003 -8.1852402842D-003
  5.8164555603D-005  0.0000000000D+000  0.0000000000D+000  2.4193735065D-005
  1.8113668604D-004  3.5754789524D-004 -6.8527919704D-005  0.0000000000D+000
 -1.3024066685D-003 -7.0476978000D-004  2.9873028224D-004  0.0000000000D+000
  3.2631133045D-004  1.7180770349D-004  5.9266059771D-005 -9.6619997314D-005
  0.0000000000D+000  0.0000000000D+000  6.0117269390D-007  8.8432914578D-005
 -7.0301107943D-005  4.0511534800D-005  0.0000000000D+000 -7.9982382193D-004
 -1.1158891597D-004 -1.0164877086D-004  0.0000000000D+000 -7.1380970034D-005
 -1.3561515562D-004 -5.3522858048D-006  8.5061547309D-006  0.0000000000D+000
  0.0000000000D+000 -9.4471461456D-006  3.9531879603D-005  4.5512020863D-005
  8.1949967934D-005  0.0000000000D+000  5.1624383188D-004 -8.9162966629D-004
 -1.0319618462D-003  0.0000000000D+000 -4.6105038918D-005 -1.2238499474D-004
 -2.4925852909D-005  4.3833672853D-005  0.0000000000D+000  0.0000000000D+000
 -4.0174479131D-007  3.5111169012D-004 -1.8211849873D-004 -3.3928657038D-004
  0.0000000000D+000 -2.1784930461D-003  1.8367306793D-003  1.9914634079D-003
  0.0000000000D+000 -1.9559885740D-005  3.4834803817D-005 -3.6343388544D-006
 -6.3453723001D-005  0.0000000000D+000  0.0000000000D+000  1.2971516969D-004
  4.3629769826D-004  5.0107368015D-005  3.4323576488D-005  2.4385857010D-005
  1.7325024198D-004 -2.7916794872D-005 -5.3586937732D-005  0.0000000000D+000
 -8.6724908588D-004  4.2584405719D-004 -1.8631611853D-004  0.0000000000D+000
 -2.8974087218D-005 -1.2464586041D-005  5.8266825699D-005  1.3383644169D-005
  0.0000000000D+000  0.0000000000D+000  4.9755596316D-005  1.5608799366D-006
  4.9755596315D-005  1.5608799492D-006  4.7333418207D-005 -8.6210411970D-005
 -9.7958932254D-006  2.6294801621D-004 -2.3501477889D-004  4.8617348648D-005
  0.0000000000D+000 -3.6681764853D-004  2.9831046494D-004  1.1691930517D-005
  0.0000000000D+000 -1.0657965343D-004  1.2059105506D-004  1.1898180778D-004
  1.2725490116D-004  0.0000000000D+000  0.0000000000D+000  9.9283568238D-001
  3.4322688957D-002  1.4301832219D-003  1.2269293683D-003  0.0000000000D+000
  3.8027526586D-003 -6.5692456408D-004 -4.3887535931D-005  0.0000000000D+000
 -7.9271240754D-003 -7.6730628118D-003 -8.0282287104D-003 -5.0933114132D-005
  0.0000000000D+000  0.0000000000D+000  4.8731661310D-005  4.4143540507D-004
 -9.9151620993D-006 -4.4160833295D-005  0.0000000000D+000 -4.9615887787D-004
  2.5233930114D-004  8.3783484900D-004  0.0000000000D+000  1.7638400252D-005
 -5.0255193073D-004 -2.8418643759D-006  1.2484854764D-004  0.0000000000D+000
  0.0000000000D+000 -6.6423187212D-006 -1.8710489249D-005  2.5081661698D-005
  6.9356267455D-005  0.0000000000D+000 -4.3132692788D-004  2.6333112594D-004
 -1.3068697580D-004  0.0000000000D+000 -3.4712034865D-005 -2.0361770042D-005
 -3.3083619932D-005 -4.1127463394D-005  0.0000000000D+000  0.0000000000D+000
 -7.9663165866D-006 -4.3403590309D-005  7.5867460574D-005  4.1803509463D-005
  0.0000000000D+000 -2.0416011965D-004 -4.5319987714D-004  3.8117705781D-005
  0.0000000000D+000  1.0225392726D-005 -5.6514340374D-005 -3.0265575760D-005
 -3.4144699987D-005  0.0000000000D+000  0.0000000000D+000  3.5164002422D-005
  7.0333555924D-005  2.6427315614D-005 -9.0255121001D-005 -6.2595455882D-006
 -2.7479382439D-005 -1.5383203358D-005 -1.6868968696D-007  0.0000000000D+000
  4.1939481688D-004 -1.4982555634D-004  2.0370538754D-005  0.0000000000D+000
 -4.3096514012D-006 -1.0314341182D-005 -6.0562917540D-006 -2.9884121828D-006
  0.0000000000D+000  0.0000000000D+000 -1.0071474568D-005 -1.2927401984D-005
 -1.0071474570D-005 -1.2927401985D-005 -8.7050337179D-006 -3.6203325872D-005
  3.0480952950D-005  6.3510598077D-004 -3.6888826561D-005  8.4941749434D-006
  0.0000000000D+000 -2.7639399598D-003 -6.9587280085D-004 -2.0057199597D-003
  0.0000000000D+000  1.3569789647D-004 -4.3619726948D-004  6.1885155596D-004
 -4.1158863271D-004  0.0000000000D+000  0.0000000000D+000 -3.0646860908D-005
 -1.7758760129D-004  9.8698605977D-005 -3.0063805696D-005  0.0000000000D+000
  1.0767308344D-003  3.9133559137D-005  7.7943241720D-004  0.0000000000D+000
  5.5561605304D-005 -1.7470939904D-005 -1.0421952628D-004  9.6944557118D-005
  0.0000000000D+000  0.0000000000D+000 -8.4888871822D-005 -2.2594207067D-004
  3.3457607598D-005  1.1061207692D-004  0.0000000000D+000  7.8423027648D-004
  9.7756761519D-004  7.3954286207D-004  0.0000000000D+000  1.2498993835D-004
 -5.0237946885D-005 -5.8351653586D-005  3.5192175744D-005  0.0000000000D+000
  0.0000000000D+000  5.0626910361D-003 -1.4867704623D-004 -2.6477620993D-004
  3.0589053317D-004  0.0000000000D+000  3.0834985470D-003  2.9375737969D-003
  2.8164361727D-004  0.0000000000D+000 -2.4298389886D-004 -4.5217443658D-004
 -1.7178041956D-004 -3.4097506471D-006  0.0000000000D+000  0.0000000000D+000
  9.9280752992D-001  4.8893851305D-002 -5.4522615209D-004 -9.8705787927D-004
  0.0000000000D+000 -1.1364763530D-002 -2.3610379317D-003 -2.9713454475D-003
  0.0000000000D+000 -8.7957224749D-003 -8.7249606341D-003 -9.5904418085D-003
  1.9829635022D-004  0.0000000000D+000  0.0000000000D+000 -2.0809657454D-004
 -7.9825691467D-004 -4.0395314285D-006  2.9744083040D-004  2.4467452921D-003
 -1.2612342415D-004  3.5836337054D-004 -3.5870013944D-005  0.0000000000D+000
  4.0963759586D-003 -2.0692567110D-003  1.1681757027D-003  0.0000000000D+000
 -5.9417162459D-004 -1.1847163418D-004 -1.6808601242D-004 -1.1388586356D-004
  0.0000000000D+000  0.0000000000D+000 -1.5085066096D-004  4.3944734684D-004
 -1.5085066095D-004  4.3944734685D-004 -1.8169584748D-004 -3.3669053080D-004
  3.8179538590D-005  1.3573735964D-004 -7.1193108937D-005  2.6622593591D-005
  0.0000000000D+000 -1.0234014839D-003  1.7282290228D-004 -1.4339655500D-004
  0.0000000000D+000  1.8248917608D-004  7.2254794682D-005  1.3297235655D-004
 -6.3379706504D-005  0.0000000000D+000  0.0000000000D+000 -2.3173136453D-004
 -1.0686709948D-004  3.0907823531D-005 -2.3442700183D-004  0.0000000000D+000
  1.7010296906D-003  1.8274051175D-004 -1.2954784609D-004  0.0000000000D+000
 -2.0006474828D-004 -4.8032869442D-004  5.4238860987D-005  1.6850776246D-005
  0.0000000000D+000  0.0000000000D+000  9.9264953639D-001  4.9350798523D-002
  2.5753828114D-004 -4.0694226215D-004  0.0000000000D+000 -1.1212892136D-002
 -1.4135546265D-003 -4.2390789651D-004  0.0000000000D+000 -9.3669615757D-003
 -9.1627893322D-003 -9.8418569645D-003 -6.1437897028D-005  0.0000000000D+000
  0.0000000000D+000  7.9820239961D-003  1.6646280257D-004  2.4529515107D-004
  1.7822197294D-004  0.0000000000D+000  2.5729832337D-003 -1.6013205125D-003
  4.7998095039D-004  0.0000000000D+000 -4.5735014214D-004 -3.9495364159D-004
 -1.8016163249D-004 -8.9233687803D-005  0.0000000000D+000  0.0000000000D+000
 -1.9732615806D-005 -1.9189713915D-004  5.6120611196D-005  3.1727242343D-006
  0.0000000000D+000  8.9394696756D-004 -2.1843155226D-003  2.9834679808D-004
  0.0000000000D+000  7.5751717026D-005  4.6399140094D-005 -7.3685536897D-005
 -3.8198284309D-005  0.0000000000D+000  0.0000000000D+000 -1.3060723603D-004
 -4.2440634744D-004 -4.7858305638D-004  1.7309247281D-003 -2.7010039798D-005
 -1.0463585809D-004 -3.8464167143D-005  1.5202892383D-006  0.0000000000D+000
  1.4114664541D-003 -6.5752672543D-004  4.0153771254D-005  0.0000000000D+000
  7.3709018730D-006 -8.6916446968D-006 -2.7113762712D-005 -1.0175147560D-005
  0.0000000000D+000  0.0000000000D+000 -3.2795017727D-005 -1.2642021249D-005
 -3.2795017728D-005 -1.2642021246D-005 -6.4711351891D-005  8.2373426147D-005
 -5.0973267623D-005 -2.6137577796D-004 -8.5832543491D-005 -2.2618782344D-005
  0.0000000000D+000  1.1032344575D-003  4.4737770106D-004  4.9273738165D-004
  0.0000000000D+000 -1.4828650130D-004 -2.1366077466D-005 -2.2814480460D-004
  6.8300433851D-005  0.0000000000D+000  0.0000000000D+000 -2.4188879200D-005
 -1.0490461671D-004 -1.6192759846D-006 -9.8959139775D-006  0.0000000000D+000
  5.2222037137D-004  3.2546173779D-004  1.8335168084D-005  0.0000000000D+000
  1.6704580521D-005 -4.3984572827D-005 -7.9310525966D-005 -9.4057194633D-006
  0.0000000000D+000  0.0000000000D+000 -3.3427609286D-006 -6.9217964731D-005
 -1.0301965048D-005  7.9146512615D-006  0.0000000000D+000 -1.7745929744D-004
  1.3441659716D-004 -1.9744887566D-004  0.0000000000D+000  1.4761059351D-005
 -9.0477753509D-006 -3.0693830290D-005 -2.3986855866D-006  0.0000000000D+000
  0.0000000000D+000 -2.5687383573D-004 -6.1221320785D-005 -2.6055717717D-005
 -6.4806162995D-005  0.0000000000D+000  8.2600998458D-004 -3.8736689714D-004
 -7.9917537639D-004  0.0000000000D+000 -6.4482914526D-005  1.2058112366D-004
 -4.1299461333D-005 -3.9742287070D-005  0.0000000000D+000  0.0000000000D+000
 -2.7164043946D-003 -3.1874882928D-004 -3.1089883622D-004  6.8180970475D-005
  0.0000000000D+000  4.3725630420D-003  4.5418599399D-003  2.7656337082D-004
  0.0000000000D+000 -5.3010904754D-004 -2.4329305545D-004 -1.1692705895D-004
  4.3879417256D-006  0.0000000000D+000  0.0000000000D+000  4.6157509679D-005
  2.1755823274D-004  1.7952388022D-005  1.4375733382D-004  9.9291428902D-001
  5.0271642219D-002 -2.0164108733D-004  2.2057133860D-006  0.0000000000D+000
 -1.9032687117D-002  1.8520564077D-003 -2.1180822017D-004  0.0000000000D+000
 -9.2006410657D-003 -9.1358491429D-003 -9.1293717343D-003  3.4585610519D-005
  0.0000000000D+000  0.0000000000D+000  1.7781170085D-005  2.7504031097D-003
  1.7781170093D-005  2.7504031097D-003  1.7178513542D-005  2.7752422725D-003
  4.5988494851D-005  1.5635942207D-004 -3.4415228877D-005  6.8881266033D-005
  0.0000000000D+000 -1.1508917491D-003 -1.2392732349D-004 -5.1315557619D-004
  0.0000000000D+000  1.8151071233D-004  1.6999018946D-004  9.9240250311D-005
 -8.9792077439D-006  0.0000000000D+000  0.0000000000D+000  7.1241406445D-005
  2.1678127494D-004  8.1554581706D-005  1.4480188509D-005  0.0000000000D+000
 -2.6887688859D-003 -5.5159902008D-004 -8.9789672371D-004  0.0000000000D+000
  1.7436149207D-004  1.8121290179D-004  1.3744771723D-004  1.6359355977D-005
  0.0000000000D+000  0.0000000000D+000 -8.3162630234D-003 -8.3482361354D-004
 -2.8681586601D-004 -8.0350489982D-005  0.0000000000D+000  7.9944209001D-003
  3.7644874040D-003 -4.1973268484D-004  0.0000000000D+000 -3.4063690035D-004
 -1.6169380893D-004 -9.2913085807D-005 -9.3836783748D-005  0.0000000000D+000
  0.0000000000D+000  9.9273707114D-001  5.0088403136D-002 -7.9192457460D-005
 -4.4410289140D-004  0.0000000000D+000 -1.9691477473D-002  6.8315926189D-004
  5.7762719585D-003  0.0000000000D+000 -9.3908801274D-003 -9.1287855340D-003
 -9.5870646347D-003  1.0015931712D-005  0.0000000000D+000  0.0000000000D+000
 -5.4940064007D-003 -7.8699480583D-004  2.6066683735D-004 -2.7711826916D-004
  0.0000000000D+000  8.2085298928D-003 -3.8600126626D-003  2.3447229090D-003
  0.0000000000D+000 -2.8310709094D-004 -2.3425001687D-004 -1.1151829241D-004
  8.4633708200D-005  0.0000000000D+000  0.0000000000D+000 -5.8964440127D-004
  5.6029963396D-004  7.4070286830D-006  5.9628850368D-004  2.2963262573D-004
 -5.5043893465D-005  3.8229197952D-006 -2.0711509078D-006  0.0000000000D+000
  8.3200954678D-004 -3.5575188315D-004 -4.0012629203D-004  0.0000000000D+000
  4.4308598434D-005 -5.8887924693D-006 -3.3793235564D-005  3.5329465928D-005
  0.0000000000D+000  0.0000000000D+000 -7.4349033661D-006 -7.2591592351D-005
 -7.4349033657D-006 -7.2591592348D-005 -4.4365065362D-006  1.8511811977D-004
 -1.8202244933D-001  3.9711596836D-001 -4.8170902858D-002  1.0876782006D-001
  3.5307910631D-012  4.0835089113D-001 -2.5080775510D-002  7.1047083395D-002
  0.0000000000D+000  8.5639080865D-003  4.7937867950D-003 -1.4634030946D-002
 -3.2846537757D-003  0.0000000000D+000  0.0000000000D+000 -8.6887559908D-002
  1.7797522401D-001  1.0420711359D-001  2.9056384214D-002 -1.3449844428D-012
  1.1978475553D-001  1.3420787657D-002  2.0198930188D-002  0.0000000000D+000
  1.7224113579D-002 -4.6423999466D-003 -1.1242674103D-002  1.2251402995D-003
  0.0000000000D+000  0.0000000000D+000 -3.9308557709D-002  7.6240193943D-002
  2.9635274708D-002 -5.0532137152D-002  0.0000000000D+000 -1.2921506672D-002
 -1.3116908515D-002  9.5711057971D-003  0.0000000000D+000 -6.0849399930D-004
  6.2106566340D-003 -5.4882798475D-003 -4.5319471541D-003  0.0000000000D+000
  0.0000000000D+000 -2.6557978911D-002  4.5920535777D-002  5.5454096544D-004
 -3.7451884080D-002  0.0000000000D+000  6.9371018914D-002 -1.2767146876D-002
 -4.7854408875D-002  0.0000000000D+000  4.9291510696D-005  4.7113994480D-003
 -3.9293242810D-003 -1.0029747792D-003  0.0000000000D+000  0.0000000000D+000
 -7.1111066581D-002  1.3469124696D-001 -7.0155206770D-002 -7.7925157036D-002
 -1.6808018866D-012 -6.2097007478D-003  6.3803234349D-002  1.5245801965D-002
  0.0000000000D+000  8.8723849483D-004  7.4604258378D-003 -1.1243134964D-002
  1.3807869306D-002  0.0000000000D+000  0.0000000000D+000  5.7674372881D-003
  1.4208407575D-002  6.9723131330D-003 -5.3940777591D-003 -8.6241149690D-003
  1.7184679272D-002 -1.3527010319D-002 -2.8581188482D-003  0.0000000000D+000
 -2.2328939230D-002  9.8697661442D-003 -1.0944818069D-002  0.0000000000D+000
  3.8277712419D-003 -7.7399069531D-004 -2.5073548172D-005  1.3689277080D-003
  0.0000000000D+000  0.0000000000D+000  3.0129715492D-003 -5.0368549454D-004
  3.0129715492D-003 -5.0368549467D-004  3.3772430909D-003  2.3064623123D-003
  8.6175649331D-002 -1.9863699602D-001 -1.4499661693D-001 -4.3124936840D-002
 -1.4571291611D-012 -2.3098983504D-001 -6.4259237786D-002 -1.9230179995D-002
  0.0000000000D+000  1.0132654861D-002 -1.8282498585D-003  2.7245516594D-004
 -1.6352151278D-002  0.0000000000D+000  0.0000000000D+000 -1.3812922159D-001
  2.9506929962D-001 -2.0572726430D-003  1.5262075786D-001 -2.1278037146D-012
  3.0119902447D-001  7.4086079595D-003  6.6272817068D-002  0.0000000000D+000
 -1.3294519160D-002  1.0264035371D-002 -1.2302844125D-002  1.5160148541D-003
  0.0000000000D+000  0.0000000000D+000 -1.2886573371D-001  2.5621179279D-001
  2.2702891404D-002 -1.2412135349D-001 -1.4572304051D-012  1.0819516631D-001
 -1.6475289091D-002  2.8232083566D-002  0.0000000000D+000 -4.4582744784D-003
  1.1542624257D-002 -1.5758102920D-002 -3.9202494976D-003  0.0000000000D+000
  0.0000000000D+000 -3.6871176013D-002  6.6570197768D-002 -5.9896324415D-002
 -2.0657815422D-002  0.0000000000D+000  8.1249071513D-002  9.3547141223D-003
 -2.7731517304D-002  0.0000000000D+000  3.2470005516D-003 -1.4735386651D-004
 -4.7927856751D-003  8.5127031174D-003  0.0000000000D+000  0.0000000000D+000
  5.9680586011D-002 -1.1845055941D-001 -1.7136002758D-002  1.0316342246D-001
  1.4880221763D-012 -8.8143479225D-002  7.3352735580D-003 -2.1157049774D-002
  0.0000000000D+000  6.2040866361D-003 -8.5187333605D-003  8.7651334546D-003
 -9.6747609913D-003  0.0000000000D+000  0.0000000000D+000  1.2015839103D-002
  6.2284536733D-003  5.1567029910D-002 -5.5435769739D-003  3.6557251991D-002
 -6.9338328907D-002  3.0759940656D-002  8.1137561271D-003  0.0000000000D+000
 -5.7124548834D-002  7.8594280844D-003  1.0529072607D-002  0.0000000000D+000
 -4.3660683890D-003  1.0870616191D-003  6.6253885842D-004 -1.5919747750D-003
  0.0000000000D+000  0.0000000000D+000 -1.8378211193D-002 -1.8168970803D-003
 -1.8378211193D-002 -1.8168970800D-003 -1.5076107836D-002 -3.7797686022D-003
  6.1085168924D-002 -1.4477670090D-001  1.1349542641D-001  6.6073768895D-002
 -2.6732922047D-012 -1.6224663694D-001  5.0851005323D-002  2.9043109029D-002
  0.0000000000D+000 -9.8046255073D-003  1.2291703152D-002 -3.1709677532D-004
  6.0737726697D-003  0.0000000000D+000  0.0000000000D+000  3.8563220783D-002
 -8.5286148523D-002 -6.8146482955D-002  6.0807248614D-002  0.0000000000D+000
 -8.3057744550D-002 -1.2601210508D-002  9.1136515736D-003  0.0000000000D+000
 -1.1169317636D-002  1.0536538931D-002  3.0151728938D-003  6.5447588181D-003
  0.0000000000D+000  0.0000000000D+000 -6.1684055304D-002  1.2091033121D-001
  6.4951957188D-002  4.6453730697D-002  0.0000000000D+000  9.5380686067D-002
  1.0875748145D-002  9.9133078790D-005  0.0000000000D+000  1.0411754503D-002
 -6.4532478796D-003 -6.6417634911D-003  4.1681043562D-003  0.0000000000D+000
  0.0000000000D+000 -1.2899251954D-001  2.5043704219D-001  2.2359291722D-002
 -7.2308904856D-002 -3.3056329914D-012  1.6319028120D-001  3.3204990589D-003
  7.1936306570D-003 -1.2299304844D-012  3.4521158956D-004  5.2969256196D-003
 -1.3201514450D-002 -1.6141180105D-003  0.0000000000D+000  0.0000000000D+000
 -1.2589538328D-001  2.5461408179D-001  2.9200010979D-003  8.3123056900D-002
 -3.9173403956D-012  1.6852047925D-001 -4.0352315838D-003  1.6625912005D-002
  0.0000000000D+000  6.5249242434D-003 -5.4482462508D-003 -1.2787595339D-002
 -1.1993550634D-002  0.0000000000D+000  0.0000000000D+000  5.9548909692D-002
  4.7165787648D-003  2.6624115147D-002  4.6696459713D-003 -9.4251023538D-002
  1.8038086990D-001 -5.0457127088D-002  1.1980656694D-002  0.0000000000D+000
  1.5642658689D-001 -6.0900485654D-003  5.2348589255D-003  1.2737190789D-012
  4.2630594449D-003 -8.1329714273D-004 -1.8867109986D-003 -1.7856129760D-003
  0.0000000000D+000  0.0000000000D+000  4.9274321874D-002  5.3047139678D-003
  4.9274321875D-002  5.3047139670D-003  5.4276539332D-002  6.8810707161D-003
  1.3854742669D-002 -3.0289846164D-002 -5.8755128947D-002 -6.2824872478D-002
  0.0000000000D+000 -4.8853539475D-002 -2.6272630420D-002 -3.1130209651D-002
  0.0000000000D+000  1.2320907724D-002 -8.1189559639D-003  1.4998713184D-003
 -2.4491423366D-003  0.0000000000D+000  0.0000000000D+000 -7.2161197623D-002
  1.5995457469D-001 -7.2606511790D-003  2.5163071196D-002 -1.3188381390D-012
  1.8094629687D-001 -1.8132509550D-003  1.5641290960D-002  0.0000000000D+000
 -4.6975975010D-003 -2.1995578335D-003 -3.8113165120D-003 -5.3673780023D-003
  0.0000000000D+000  0.0000000000D+000  1.1555070266D-002 -2.0806832863D-002
 -8.1686601742D-002 -1.1108148635D-001  0.0000000000D+000 -3.9444055273D-002
 -2.6208586635D-002  4.3187606451D-004  0.0000000000D+000 -1.2047249228D-002
  1.0378941664D-002  4.8595716113D-004 -3.7624104026D-003  0.0000000000D+000
  0.0000000000D+000  9.8370814115D-002 -1.9520483115D-001  1.4398030599D-002
  4.3707085227D-002  2.7233005604D-012 -1.3238409166D-001  1.0342988378D-002
 -1.7020040594D-002  1.3813155810D-012  4.5798117193D-003 -5.6319267330D-003
  9.3435479004D-003 -5.5722676848D-004  0.0000000000D+000  0.0000000000D+000
  1.2556793000D-002 -2.6133579175D-002  2.0125467301D-001 -3.4189655342D-002
  2.0615202233D-012 -3.0103038179D-002  3.6509801495D-002 -1.9706083428D-002
  0.0000000000D+000  9.7052939199D-003 -8.3441221494D-003  2.5319245730D-003
  3.3206075576D-004  0.0000000000D+000  0.0000000000D+000 -5.2955925920D-002
 -4.4310534828D-003 -4.7797550238D-004 -6.2042834096D-003 -1.6054504357D-001
  3.1093688660D-001  5.9506809631D-003 -2.6069550960D-003  1.8120413984D-012
  2.9750358496D-001  6.0232465628D-003  1.9100416110D-003  2.6893916765D-012
 -4.9550225420D-003  1.7950509431D-003  1.3174224538D-003  6.2669168220D-004
  0.0000000000D+000  0.0000000000D+000  1.0829117549D-001  2.5909229332D-002
  1.0829117549D-001  2.5909229331D-002  1.0753746652D-001  2.5567960696D-002
 -5.1110289842D-003  1.3596502663D-002  3.2051026888D-001  1.2019000648D-001
 -2.0825332548D-012  2.0929734200D-003  1.5954891076D-001  4.5527152356D-002
  0.0000000000D+000 -1.1769880838D-002  8.1277745531D-003  2.0801328385D-003
  1.1555758840D-002  0.0000000000D+000  0.0000000000D+000  2.8623715727D-002
 -6.5747192655D-002 -1.7746889807D-001  1.7602947821D-001  2.4468139229D-012
 -6.9412146691D-002 -4.7955889318D-002  5.3812714414D-002  0.0000000000D+000
 -1.8827859381D-002  1.8203194700D-002  3.3106126847D-003  3.5567387039D-003
  0.0000000000D+000  0.0000000000D+000 -9.6830666793D-002  2.0252147918D-001
 -1.2858588738D-001 -3.1048467295D-002  0.0000000000D+000  1.7310418098D-001
 -5.3462588802D-002  1.2555295586D-003  0.0000000000D+000 -6.4583547133D-004
 -2.5810037478D-003 -9.0609551998D-003 -3.2032817129D-003  0.0000000000D+000
  0.0000000000D+000  7.9977152522D-002 -1.5915383225D-001 -1.0691526065D-001
 -3.1258033933D-002  2.5968383193D-012 -1.5429874522D-001 -4.0508967538D-002
 -2.0920482781D-002  1.3461803473D-012  6.4234572585D-003 -3.7951979136D-003
  7.0211881958D-003  2.7477284151D-003  0.0000000000D+000  0.0000000000D+000
 -1.3023828742D-002  2.9500284619D-002  8.0102903043D-003 -2.4124589663D-001
 -1.2136796735D-012  2.8738558114D-002 -1.0217677847D-002 -3.7008940083D-002
  0.0000000000D+000 -7.0871269535D-003  1.0881387443D-002 -4.8889944700D-003
  1.1900759252D-002  0.0000000000D+000  0.0000000000D+000 -8.9328556335D-002
 -3.3694365890D-002  1.2426693113D-001  4.4950243674D-002  2.0957287788D-002
 -4.0480838696D-002 -3.9264174671D-002 -5.7032716185D-002  0.0000000000D+000
 -3.7405563477D-002 -1.5907008646D-002 -2.7219012516D-002  0.0000000000D+000
  3.7444304898D-003 -3.6283438455D-003  4.4593464524D-004  3.2039379300D-003
  0.0000000000D+000  0.0000000000D+000 -9.7501933697D-003 -3.2403268926D-003
 -9.7501933704D-003 -3.2403268929D-003 -4.7685336049D-002 -2.1637156362D-002
 -6.1936188502D-002  1.4844302185D-001 -3.2162798771D-002 -1.8304717538D-001
  4.7386210562D-012  1.9808327051D-001 -8.4527147595D-003 -1.0569315467D-001
  2.2117717666D-012  2.6565505273D-003 -1.6704837205D-002  3.8076957306D-003
  2.6895676078D-003  0.0000000000D+000  0.0000000000D+000  4.9092661347D-002
 -1.1309490654D-001  4.0109171460D-002 -1.0804521201D-001  1.2072923166D-012
 -1.1562876369D-001  1.2491694863D-002 -3.5138340526D-002  0.0000000000D+000
  8.9071016627D-003 -1.2902304372D-003  1.9865867779D-003 -1.0020834327D-002
  0.0000000000D+000  0.0000000000D+000 -7.3136122006D-002  1.5021358811D-001
 -4.1208405481D-002  2.5254441025D-001  0.0000000000D+000  1.6869748727D-001
 -1.4871233409D-002  7.6236032402D-002  0.0000000000D+000  9.6664631352D-003
 -1.0575883471D-002 -3.8294095328D-003  2.2720196158D-003  0.0000000000D+000
  0.0000000000D+000 -4.8192427714D-002  1.0041243817D-001 -1.8573515274D-001
  1.6738259735D-001 -1.3041480074D-012  7.2518914737D-002 -4.2832352315D-002
  7.2273241095D-002  0.0000000000D+000  4.7947914948D-003 -3.3958072222D-003
 -3.0624516459D-003  1.1492447483D-002  0.0000000000D+000  0.0000000000D+000
  9.6301847234D-002 -2.1098945941D-001  5.4233360000D-002 -4.4938124937D-002
  5.3412828223D-012 -1.5240196645D-001 -2.5175678404D-002 -1.0131744589D-002
  1.3615198599D-012  2.5383493377D-003  7.9430926385D-003  8.0560124178D-003
 -5.9671762847D-004  0.0000000000D+000  0.0000000000D+000  1.0231519513D-001
  4.7730973542D-002  1.3411809449D-001  6.6294312589D-002 -3.5920275575D-002
  7.0220489068D-002  1.0287931503D-001 -2.2803842155D-002  1.7877800196D-012
  9.6536480190D-002  2.3594929987D-002 -1.6186015561D-002  0.0000000000D+000
 -9.0902197508D-003  3.9126906219D-003  4.6090208495D-003  1.9285826373D-003
  0.0000000000D+000  0.0000000000D+000  5.0978362410D-002  2.6104606987D-002
  5.0978362411D-002  2.6104606989D-002  4.1136927075D-002  2.6304300415D-002
  1.7238856359D-002 -3.6832257767D-002 -6.9198904593D-002  1.7088903941D-001
  5.5670629534D-012 -6.6942154914D-002 -4.9531694253D-002  9.7178467435D-002
  3.6177224380D-012 -7.6325126850D-003  1.4251033252D-002 -3.2101713705D-003
 -1.2760764081D-002  0.0000000000D+000  0.0000000000D+000  4.6867201174D-002
 -1.0601833095D-001  1.2957631247D-001  5.2026195301D-002  2.9800539146D-012
 -1.5245058663D-001  5.3109342376D-002  3.5488503948D-002  0.0000000000D+000
  1.0044601548D-002  4.5279157551D-003 -2.3107174715D-003  1.8262171482D-002
  0.0000000000D+000  0.0000000000D+000 -1.4900702865D-002  3.3722325536D-002
  2.3709762268D-001  4.0458224818D-002  2.0998744352D-012  1.6745284534D-002
  7.9963219395D-002  9.0941311410D-003  0.0000000000D+000  5.9829211868D-003
 -9.7588211177D-003 -1.1740417408D-003 -2.6062833716D-003  0.0000000000D+000
  0.0000000000D+000  1.1316353219D-002 -1.8728403169D-002 -1.8510243091D-001
 -2.0418570122D-001  3.4782096731D-012 -4.4244590520D-002 -5.8994755762D-002
 -6.4399037867D-002  2.0778804287D-012 -1.1131565055D-003 -3.7570226378D-003
  3.9834622533D-004  6.6131769258D-003  0.0000000000D+000  0.0000000000D+000
  5.0284055434D-002 -1.1128956842D-001 -2.0492658016D-001 -6.2418112993D-002
  4.2150414767D-012 -1.1039816041D-001 -5.8304701463D-002 -1.9970123879D-002
  0.0000000000D+000  1.6550549331D-002 -3.9851670910D-003  1.4424451301D-003
  4.3979147254D-003  0.0000000000D+000  0.0000000000D+000 -1.3571996682D-001
 -8.9419554573D-002 -8.4156641082D-002 -5.2212490639D-002 -3.4302020927D-002
  6.8413927004D-002  2.2082099064D-001 -5.1443691451D-002  3.4904420636D-012
  9.2206201490D-002  9.3782975413D-002 -1.8024755348D-002  2.3550770662D-012
 -1.4104892076D-002  5.5593607224D-003  9.4477283101D-003  1.7590545781D-003
  0.0000000000D+000  0.0000000000D+000  8.4793741431D-002  4.5957589626D-002
  8.4793741434D-002  4.5957589629D-002  5.3901730614D-002  2.1968682512D-002
  0.0000000000D+000  2.0727352478D-012 -1.8623326034D-012  1.3109641288D-012
  3.7724851850D-001  1.4048030896D-012  0.0000000000D+000  1.0512978966D-012
  2.3198028802D-001  0.0000000000D+000  0.0000000000D+000  0.0000000000D+000
  0.0000000000D+000 -6.2160584148D-003  2.2993042779D-002  0.0000000000D+000
 -2.7369508983D-012 -2.8321265069D-012  3.0854657693D-012  1.9046854214D-001
 -1.5727575041D-012  0.0000000000D+000  1.1545253291D-012  1.0313256154D-001
  0.0000000000D+000  0.0000000000D+000  0.0000000000D+000  0.0000000000D+000
  1.7375063117D-002  9.4289639204D-003  0.0000000000D+000  1.2034413287D-012
 -5.6178503917D-012 -1.0626684334D-012  1.2188658130D-001  1.4988590795D-012
 -1.7022621615D-012  0.0000000000D+000  6.2203943625D-002  0.0000000000D+000
  0.0000000000D+000  0.0000000000D+000  0.0000000000D+000  7.1517816477D-003
 -7.9388756770D-003  0.0000000000D+000  0.0000000000D+000  5.5588357387D-012
 -2.1063331596D-012  1.1977251698D-001 -2.7363424945D-012  1.5748611333D-012
  0.0000000000D+000  5.2838866113D-002  0.0000000000D+000  0.0000000000D+000
  0.0000000000D+000  0.0000000000D+000  1.0691794995D-003 -9.6756569935D-003
 -1.7075438240D-012  2.0126131748D-012  2.9730255871D-012  5.8292074426D-012
  2.3863817075D-001  1.2835637176D-012  0.0000000000D+000  3.1149443038D-012
  1.2132497371D-001  1.1117210957D-012  1.3438616030D-012  0.0000000000D+000
  0.0000000000D+000 -6.9644014642D-003 -1.1060470485D-002  0.0000000000D+000
  0.0000000000D+000  3.4915711367D-012  2.6492673128D-012  1.0498961425D-012
 -2.5091164747D-012 -5.4494355320D-012  9.4117414018D-012  2.2105925974D-001
 -1.4429531126D-012 -2.9673062939D-012  7.4267052290D-012  8.8876203500D-002
  0.0000000000D+000  0.0000000000D+000  0.0000000000D+000  0.0000000000D+000
 -7.3370386543D-004 -9.7702194517D-003 -1.0363439604D-001 -8.0676220286D-002
  1.0363439603D-001  8.0676220283D-002  2.3071477733D-012  0.0000000000D+000
  6.8823405875D-003 -1.4184233966D-002  1.6738645672D-001  7.6457789590D-002
  6.7230742121D-012 -3.8114552099D-002  9.3641857501D-002  3.3868742258D-002
  4.4482492831D-012  1.4508562292D-006  1.7163133552D-003  1.0647131848D-003
  8.9759882321D-004  0.0000000000D+000  0.0000000000D+000 -3.6221644268D-002
  8.2314651279D-002 -8.8504486334D-002  1.2680777385D-001  4.8504236716D-012
  1.3527670855D-001 -2.9113883819D-002  5.9019920612D-002  2.7228463549D-012
 -1.4812383675D-002  4.2021517485D-003 -4.6303367497D-004  8.2850386987D-003
  0.0000000000D+000  0.0000000000D+000  3.9461999366D-002 -7.7114582314D-002
  1.2804215460D-001 -1.8390107686D-001  3.2302233675D-012 -1.4206853772D-001
  1.8599100158D-002 -4.6503969231D-002  2.4177085593D-012 -1.8418070546D-002
  1.6231083560D-002  1.8865123827D-003  1.2920027393D-002  0.0000000000D+000
  0.0000000000D+000 -4.3060882792D-002  8.3480770494D-002 -1.6620144801D-002
  2.6191333119D-001  0.0000000000D+000  1.4897841156D-001 -1.5712620915D-002
  5.7847833210D-002  0.0000000000D+000 -1.2906510680D-002  1.6356762830D-002
 -3.7458882539D-003  1.2455145199D-002  0.0000000000D+000 -1.2301224630D-012
  4.3200118269D-002 -9.4521267434D-002 -2.0887127063D-002 -1.7121517501D-001
  5.3642959697D-012 -1.1000012237D-001  6.9197166184D-003 -5.6228979745D-002
  2.4974170313D-012 -6.5920673880D-003  1.6400302515D-002  1.0012244759D-003
  1.8906251289D-003  0.0000000000D+000  0.0000000000D+000  2.0701897360D-001
  1.6658131219D-001 -1.6883817736D-001 -1.3488213867D-001 -1.0698606407D-003
  2.4170886640D-003  7.1871595710D-002 -2.0563442945D-001  3.3051152002D-012
 -7.5513953968D-003  3.0159842352D-002 -9.9530489058D-002  0.0000000000D+000
 -4.7435884642D-003 -4.0760087657D-003  9.9861464199D-003 -2.0091071467D-003
  0.0000000000D+000  0.0000000000D+000  7.5940822725D-002  5.5655338922D-002
  7.5940822728D-002  5.5655338927D-002 -9.1483973814D-002 -5.7404170648D-002
 -2.3567745271D-002  5.3102727617D-002  1.2235546520D-001  1.2272381374D-001
 -1.4593232755D-011  1.2493475423D-001  6.1427004043D-002  8.0857183401D-002
 -9.0787652624D-012 -1.5111753563D-002  6.0422731765D-003 -1.5914183024D-003
 -7.8979205356D-004  0.0000000000D+000  0.0000000000D+000  8.0809010300D-003
 -1.6831844005D-002 -8.7546971744D-002  1.0463811523D-001 -7.9773751129D-012
 -5.0881998861D-002 -4.2241475043D-002  4.1303203356D-002 -5.0738449690D-012
 -3.1743056999D-003  4.2025809738D-003  8.7557785263D-004  1.3059145658D-003
  0.0000000000D+000  0.0000000000D+000  1.3842390439D-002 -3.2129906652D-002
 -1.2698977299D-001 -1.1011579094D-001 -6.4318853558D-012 -3.1544885302D-002
 -3.0849785106D-002 -4.6378664821D-002 -2.9868944265D-012 -2.3114750067D-003
  5.1295437606D-003 -9.0951608087D-004 -1.1350838883D-003  0.0000000000D+000
  0.0000000000D+000 -1.4324100999D-004 -4.2348978745D-003  1.3110044077D-001
  1.0375460481D-001 -5.0481193391D-012  2.1432927727D-002  4.7322882085D-002
  6.5475112436D-003 -2.4730485139D-012 -8.2764127291D-003  1.1447314632D-002
 -9.6039609041D-004 -1.7833056898D-003  0.0000000000D+000  0.0000000000D+000
  3.2236401690D-002 -6.9754596099D-002 -2.0038289259D-001 -1.5704682203D-002
 -3.7167207002D-012 -1.0059392863D-001  2.8431948307D-003  8.3202983649D-003
 -3.2657140263D-012 -9.9087808263D-003  1.6543489171D-002 -9.4462671079D-004
  2.0997153437D-002  0.0000000000D+000  0.0000000000D+000  8.9676250406D-002
  9.6004106683D-002  2.4119772675D-002  2.9182269499D-002  4.3797406182D-003
 -8.0169761429D-003  2.5123716828D-001  3.0697905477D-001  1.3886936817D-011
 -6.3655680733D-002  1.2853712587D-001  1.3909044530D-001  8.4808285409D-012
 -8.3885590822D-003  1.9456138867D-002 -6.1405411640D-003  1.2209824070D-002
  0.0000000000D+000 -1.0788640382D-012 -4.7219614225D-002 -3.3644695453D-002
 -4.7219614211D-002 -3.3644695443D-002  2.4756659084D-001  2.0979557264D-001
  0.0000000000D+000 -2.4916012095D-012  0.0000000000D+000 -7.4283781251D-012
 -2.4895299670D-001 -6.5621792085D-012  0.0000000000D+000 -5.5276057992D-012
 -1.6043593983D-001  0.0000000000D+000  0.0000000000D+000  0.0000000000D+000
  0.0000000000D+000  9.8778482468D-003 -1.2713365223D-002  0.0000000000D+000
  2.9413203219D-012  3.3830758851D-012 -6.0094731604D-012 -1.8815078346D-001
  4.4854196183D-012  1.9163249323D-012 -2.3473514241D-012 -1.0948066108D-001
  0.0000000000D+000  0.0000000000D+000  0.0000000000D+000  0.0000000000D+000
 -1.3401425776D-002 -9.3935315479D-003  0.0000000000D+000  1.3440311869D-012
  8.1799777071D-012  4.3964837839D-012 -1.1485930536D-001  0.0000000000D+000
  0.0000000000D+000  3.1664176722D-012 -6.6097448083D-002  0.0000000000D+000
  0.0000000000D+000  0.0000000000D+000  0.0000000000D+000 -4.1362904839D-003
  8.3770374706D-003  0.0000000000D+000  0.0000000000D+000 -8.1802856083D-012
 -4.0547175876D-012 -4.8561686182D-002  3.5895769126D-012 -1.7965818519D-012
 -1.5520160844D-012 -2.0791856829D-002  0.0000000000D+000  0.0000000000D+000
  0.0000000000D+000  0.0000000000D+000  3.9967216513D-003  3.5527366080D-003
 -1.1395725273D-012  2.7668123755D-012  9.1350206205D-012 -1.8370782261D-012
  7.6063189927D-004  0.0000000000D+000 -1.8365843202D-012 -5.7343572884D-012
 -1.7114251129D-002  0.0000000000D+000  0.0000000000D+000  0.0000000000D+000
  0.0000000000D+000  1.8467806575D-002  5.1662968005D-003 -4.1477040266D-012
 -4.4096328604D-012 -3.1509932322D-012 -3.9295540030D-012  0.0000000000D+000
 -2.2397111664D-012 -1.2169077805D-011 -1.0021180752D-011  3.8501252129D-001
  1.5345080322D-012 -7.1718610439D-012  2.9448353076D-012  2.0021785494D-001
  0.0000000000D+000 -1.7097442130D-012  1.5820414173D-012  0.0000000000D+000
  1.0997373395D-002 -1.8320691091D-002 -2.0075863622D-001 -1.5121257513D-001
  2.0075863622D-001  1.5121257514D-001 -1.1106244516D-011 -1.2952404883D-011
 -9.5838879504D-003  2.1227006800D-002  8.8942682285D-002 -1.2085338793D-001
 -1.2155331193D-012  1.8732288493D-002  6.6563008745D-002 -7.9089810176D-002
  0.0000000000D+000  5.4842370417D-003 -9.5631903425D-003  1.4420392076D-003
  1.6354305161D-003  0.0000000000D+000  0.0000000000D+000  3.3104074391D-003
 -6.4248559470D-003  2.2449500017D-002  1.0602771255D-001  0.0000000000D+000
  1.5482909112D-002  2.4571958910D-002  5.4010500677D-002  0.0000000000D+000
 -9.6807065357D-003  1.0063251927D-002 -5.9368866383D-004  9.2189413690D-003
  0.0000000000D+000  0.0000000000D+000 -2.5210990237D-002  6.5768081732D-002
  2.9755348760D-001 -3.8440712315D-002  1.2064970436D-012  5.7645554992D-002
  8.2451268909D-002  2.5076067609D-002  0.0000000000D+000 -1.4000587697D-002
  3.8091436308D-003 -6.6518409634D-004  1.1643604792D-002  0.0000000000D+000
  0.0000000000D+000  3.4628926389D-003 -6.6859124288D-003 -2.6826721053D-001
  4.2698294929D-002  1.4393446075D-012 -2.7261658534D-002 -7.5090435039D-002
  2.5200824596D-002  0.0000000000D+000  6.7017716730D-003 -4.8382883211D-003
  1.5820504677D-004  1.4680604630D-002  0.0000000000D+000  0.0000000000D+000
  1.8139106985D-002 -4.1105547818D-002  2.5316254653D-001 -1.0816175991D-001
  1.6901002998D-012 -6.6768664045D-002  5.7398877601D-003 -3.6123228926D-002
  0.0000000000D+000  8.8888461947D-003 -3.8646947572D-003  3.4797281778D-004
  4.8031398685D-003  0.0000000000D+000  0.0000000000D+000 -1.1181754140D-002
 -9.7866048313D-003 -1.6528598926D-001 -1.7177440503D-001 -8.2217918530D-003
  1.4416415496D-002 -1.8932554475D-001  2.4746513916D-001 -4.3454476679D-012
  8.6928208636D-002 -1.2311278137D-001  1.1183468001D-001 -1.8816954627D-012
  7.7552232493D-003  2.6348516814D-003 -1.5709281244D-002  1.0561737083D-002
  0.0000000000D+000  0.0000000000D+000 -1.1718139150D-001 -9.9395498631D-002
 -1.1718139150D-001 -9.9395498638D-002  1.0864383142D-001  9.3883615467D-002
  5.0435691384D-002 -9.9589129962D-002 -2.3041860234D-001  4.5293097312D-001
  2.4608859533D-012 -2.1534185086D-001 -1.4794983466D-001  2.8786016206D-001
  1.4415265158D-012  9.5183588443D-003  1.9825585379D-002 -3.3716298879D-003
 -1.0763161663D-002  0.0000000000D+000  0.0000000000D+000  1.1619132887D-003
  1.3409873472D-004  2.0485343004D-001 -5.3073328986D-002 -4.9181965293D-012
  2.1819036631D-002  8.4298750896D-002  1.9323448921D-002 -2.8071626655D-012
  2.2159678635D-002 -1.2189485347D-002 -3.8345824175D-003  1.0881656219D-002
  0.0000000000D+000  0.0000000000D+000  9.9291540632D-003 -2.3330965173D-002
 -7.8808050441D-002  1.1094669259D-001 -3.0736597751D-012 -6.4926889702D-002
 -1.7355628759D-002  7.8814244211D-002 -2.0582884624D-012  4.2544139052D-004
  7.8859427523D-005  9.3664973726D-004 -1.0496802378D-002  0.0000000000D+000
  0.0000000000D+000  3.2800606427D-002 -7.2447927688D-002 -7.0665279617D-002
  2.1671209528D-001 -1.1334408814D-012 -1.3248864786D-001 -4.8422864271D-002
  6.2645321726D-002  0.0000000000D+000 -3.4719008682D-004  5.6490572264D-003
  1.1317515146D-003  3.2499672033D-003  0.0000000000D+000  0.0000000000D+000
 -1.4552504460D-002  4.0563435216D-002  1.0485782190D-001 -2.0403171330D-001
  0.0000000000D+000  3.0071741863D-002  5.3171510874D-003 -9.9360515041D-003
  0.0000000000D+000  1.0979689518D-002 -8.4197958978D-003 -3.4459051858D-003
  2.0686979397D-002  0.0000000000D+000  0.0000000000D+000  9.9504708330D-002
  1.1818263346D-001  7.4117849393D-002  7.4058635915D-002 -1.0721217945D-002
  2.4352244988D-002 -1.3378259956D-001  3.9920171792D-002  0.0000000000D+000
  6.7868451316D-002 -6.2812993965D-002  2.4707709201D-002  0.0000000000D+000
  5.9814978244D-003 -4.0827702176D-003 -4.3402528697D-003  4.0343605669D-003
  0.0000000000D+000  0.0000000000D+000 -3.5254129481D-002 -4.7100587498D-002
 -3.5254129481D-002 -4.7100587499D-002  1.4178478729D-003 -9.5119058194D-003
 -3.7508666056D-002  8.0746460056D-002 -1.4295786176D-001 -1.2111047017D-001
  3.0611254210D-011  2.0823515142D-001 -8.1053397281D-002 -4.9690407458D-002
  2.1577129332D-011 -8.0747025943D-003 -5.0076357078D-003 -3.4442728160D-003
 -1.9477119311D-002  0.0000000000D+000  0.0000000000D+000  9.9109514100D-002
 -2.0106825838D-001  2.6464462476D-001  4.2231328948D-001 -1.4722650165D-011
 -4.6092808504D-001  1.5749784448D-001  2.4153726200D-001 -1.1175090033D-011
  1.7244104691D-002  2.7661468871D-002 -3.8900099903D-003  1.0914446970D-002
  0.0000000000D+000 -3.2393622693D-012 -3.4514388986D-002  9.1204486707D-002
 -6.6386905654D-002 -2.1655903501D-001 -3.3311536530D-011  1.0354897892D-001
  6.0078198970D-003 -3.5882293796D-002 -2.0835352721D-011 -2.9697793823D-003
 -2.8532085026D-003 -3.7633659196D-003 -1.8725157029D-002  0.0000000000D+000
  0.0000000000D+000  1.9226093170D-002 -4.6810784162D-002  1.4509566297D-001
  5.8021014024D-002 -2.1976059342D-011 -7.9232340783D-002  1.1352330474D-001
 -1.2819256530D-002 -1.5324101859D-011 -8.6948987651D-004  4.6805142876D-003
 -3.3350057900D-004  2.6194606711D-003  0.0000000000D+000  0.0000000000D+000
  1.8932963893D-002 -4.7443422494D-002  8.9354344260D-002  1.3104829887D-001
  1.8834056495D-012 -1.3097176612D-001  3.4974339631D-002  4.6293855597D-002
  2.0092796454D-012  2.1158671526D-003 -3.5119714002D-003  2.3930962837D-003
 -2.8006046584D-003  0.0000000000D+000 -1.9838191477D-012  4.4521206556D-002
  6.9155980797D-002  4.0312599026D-002  3.0554924986D-002 -4.8760456028D-003
  7.2832275926D-003 -5.1515572209D-002 -4.8300373362D-002 -1.4002942402D-012
  3.2564001893D-002 -4.5316531324D-002 -2.1606656851D-002 -2.1489227946D-012
  3.3834937298D-004 -3.0553559086D-003  1.1444654878D-003 -6.8750181833D-003
  0.0000000000D+000  0.0000000000D+000  1.3008146001D-002  1.7501075310D-002
  1.3008146000D-002  1.7501075312D-002 -4.9514837962D-002 -5.1989213269D-002
  2.9098528123D-012 -5.4121729357D-012  1.4428214815D-011  8.3677095716D-012
  4.1254908932D-001 -1.4435008404D-011  8.7208236763D-012  3.7780229228D-012
  2.9310766088D-001  0.0000000000D+000  0.0000000000D+000  0.0000000000D+000
  1.5825456769D-012  5.6577199235D-003  1.3191805634D-002 -7.9096779746D-012
  1.7476332157D-011 -2.5298001689D-011 -3.4193585889D-011 -2.0911147798D-001
  3.4642471224D-011 -1.4865979325D-011 -2.0790472378D-011 -1.2066672660D-001
 -1.8958023207D-012 -2.1408820411D-012  0.0000000000D+000  0.0000000000D+000
  8.1517874916D-003 -2.3787479199D-002  2.8874282295D-012 -7.3702412688D-012
  5.4397832107D-012  1.4357119840D-011 -3.6854566770D-001 -7.8386605685D-012
 -1.8321784763D-012  1.8335114404D-012 -2.4338940951D-001  0.0000000000D+000
  0.0000000000D+000  1.1226283418D-012  1.7809846318D-012 -7.8161450750D-003
  7.3171566558D-003 -1.6752477338D-012  3.5629843617D-012 -1.1059193171D-011
 -6.9013793683D-012 -2.3922729621D-001  1.5404130221D-011 -9.1855471998D-012
 -3.2388566303D-012 -1.6896564214D-001  0.0000000000D+000  0.0000000000D+000
  0.0000000000D+000  0.0000000000D+000  1.0969627513D-002  6.3910373955D-003
 -1.2746577475D-012  3.3385756645D-012 -6.5356723584D-012 -9.8947000991D-012
  3.7224616778D-002  4.5866384228D-012  1.2352284353D-012 -4.0534643858D-012
  4.5699231553D-002  0.0000000000D+000  0.0000000000D+000  0.0000000000D+000
  0.0000000000D+000 -3.9556298508D-004 -2.2978535730D-002 -6.5143413013D-012
 -9.0141031083D-012 -5.4172403527D-012 -5.9181446549D-012  0.0000000000D+000
  0.0000000000D+000  4.2236190311D-012  3.9866177001D-012 -2.9147720759D-002
 -3.6613337171D-012  4.3361648342D-012  1.0739204312D-012 -3.4409883528D-002
  0.0000000000D+000  0.0000000000D+000  0.0000000000D+000  0.0000000000D+000
 -2.9298448221D-003  6.0888465629D-005  1.7699673272D-002 -1.2931462694D-003
 -1.7699673274D-002  1.2931462657D-003  4.2774525299D-012  4.6554971881D-012
  0.0000000000D+000  0.0000000000D+000 -4.7333314182D-012  0.0000000000D+000
  5.7975608332D-002 -5.3784644322D-012 -3.1075083243D-012 -1.5272543935D-012
  5.3158159824D-002  0.0000000000D+000  0.0000000000D+000  0.0000000000D+000
  0.0000000000D+000 -1.8426753277D-002 -6.0103800943D-003  0.0000000000D+000
 -1.2394247623D-012 -1.6865744994D-012  0.0000000000D+000  3.6829847019D-001
  3.3839057226D-012 -1.1905972751D-012  0.0000000000D+000  2.5992711177D-001
  0.0000000000D+000  0.0000000000D+000  0.0000000000D+000  0.0000000000D+000
  1.0068132465D-002  1.4050843299D-002  0.0000000000D+000  0.0000000000D+000
  0.0000000000D+000  1.2628347643D-012  7.4163947980D-002 -1.5292721429D-012
 -1.2835520375D-012  0.0000000000D+000  6.6521810673D-002  0.0000000000D+000
  0.0000000000D+000  0.0000000000D+000  0.0000000000D+000 -1.1605872931D-002
 -2.2827093193D-002  0.0000000000D+000 -1.4254377046D-012 -3.3179617936D-012
  1.1303452756D-012 -3.3573784976D-001  6.7519531048D-012  0.0000000000D+000
  1.0466828772D-012 -2.6087348036D-001  0.0000000000D+000  0.0000000000D+000
  0.0000000000D+000  0.0000000000D+000 -1.0788431710D-002  1.0775868626D-002
  0.0000000000D+000  3.7417636703D-012  1.6160904279D-012 -3.2416224649D-012
 -3.4878581457D-001  0.0000000000D+000  0.0000000000D+000 -5.5052590254D-012
 -2.1897247139D-001 -1.4408469256D-012 -2.3433622490D-012  0.0000000000D+000
  0.0000000000D+000  1.1478329362D-002 -1.2728778628D-002 -2.7546591005D-012
 -5.5285580085D-012  0.0000000000D+000 -1.1000021686D-012  0.0000000000D+000
  0.0000000000D+000 -1.4836361380D-012  0.0000000000D+000  9.2021633227D-002
  0.0000000000D+000  0.0000000000D+000  4.2711611259D-012  2.0333542636D-002
  0.0000000000D+000  0.0000000000D+000  0.0000000000D+000  0.0000000000D+000
  1.6576105584D-002 -8.4386116206D-003 -7.9048173813D-002 -1.1246781167D-001
  7.9048173813D-002  1.1246781167D-001  0.0000000000D+000 -2.3652929502D-012
  0.0000000000D+000  1.2513147736D-012 -1.6055123663D-012  5.0809323484D-012
 -3.1304387675D-001  9.1500414301D-012 -1.6360496562D-012  5.3850827764D-012
 -3.0743412010D-001  0.0000000000D+000  0.0000000000D+000  0.0000000000D+000
  0.0000000000D+000 -4.0981203672D-003  1.5194523210D-003  0.0000000000D+000
 -2.6538740204D-012 -2.8102083655D-012 -1.0510518147D-012  3.7864494039D-001
 -5.6096885525D-012 -3.6697998957D-012 -5.0143266407D-012  3.9082634102D-001
  0.0000000000D+000  0.0000000000D+000  0.0000000000D+000  0.0000000000D+000
 -3.5173273939D-005  5.6284827599D-003  0.0000000000D+000 -2.6362908373D-012
 -1.8748397290D-012  0.0000000000D+000 -2.6286557817D-001  7.4953061048D-012
  1.2991073507D-012 -5.0540441997D-012 -3.1522500725D-001  0.0000000000D+000
  0.0000000000D+000  0.0000000000D+000  0.0000000000D+000 -4.0784324616D-003
 -2.8023661298D-002  0.0000000000D+000  1.8034740210D-012  1.7382238526D-012
  0.0000000000D+000 -1.3874064914D-001  5.7724409143D-012  0.0000000000D+000
  5.1230205881D-012 -1.7403949493D-001  0.0000000000D+000  0.0000000000D+000
  0.0000000000D+000  0.0000000000D+000  2.8089413655D-002 -1.0061827594D-002
  1.2522427560D-012 -6.6476087298D-012  0.0000000000D+000  1.2539874481D-012
  3.9118292310D-001 -1.0016379671D-011 -2.8487295915D-012  5.4489399375D-012
  4.0204209099D-001  2.2797442675D-012  2.4179042757D-012  0.0000000000D+000
  0.0000000000D+000  1.2506591760D-002  1.0415950196D-002 -1.8494848395D-012
 -1.0108875645D-011  0.0000000000D+000 -1.0721955081D-012 -1.2937904379D-012
  1.3036159491D-012 -1.4605678338D-012  0.0000000000D+000  1.4791816566D-002
  1.8762147338D-011 -3.1933271170D-012 -4.0684820197D-012  1.4203552323D-001
  0.0000000000D+000  0.0000000000D+000  0.0000000000D+000  0.0000000000D+000
 -2.4696230523D-002  9.7879227681D-003  7.6079255258D-002  2.7880317840D-001
 -7.6079255259D-002 -2.7880317842D-001  0.0000000000D+000 -2.5000771737D-012
  0.0000000000D+000  0.0000000000D+000 -8.3305535197D-012 -3.7121989760D-012
  3.3405644286D-002 -2.5756613316D-012 -8.4935566399D-012 -4.4913869410D-012
  4.9070023404D-002  0.0000000000D+000  0.0000000000D+000  0.0000000000D+000
  0.0000000000D+000 -2.0991189597D-002 -9.2318221180D-003  1.2104867806D-012
 -4.7449362994D-012 -6.5682471134D-012  0.0000000000D+000  2.4430766509D-001
 -7.1798048407D-012 -5.9981485763D-012 -4.0967879727D-012  3.1300288880D-001
  0.0000000000D+000  0.0000000000D+000  0.0000000000D+000  0.0000000000D+000
  1.4000726514D-002 -1.3061934804D-002 -1.5698329716D-012  2.5686919577D-012
  0.0000000000D+000  0.0000000000D+000 -3.9246462205D-001  1.9098414637D-011
 -7.7965482107D-012  4.6338499674D-012 -5.8854037885D-001  0.0000000000D+000
  0.0000000000D+000  0.0000000000D+000  0.0000000000D+000  2.0535466025D-002
 -2.4355320376D-003  3.1056008755D-012 -6.3768592900D-012 -4.6690374723D-012
 -3.3346325942D-012  4.0189668566D-001 -4.3728860447D-011 -1.0406635434D-011
 -1.7568792015D-011  6.4326083296D-001  0.0000000000D+000  1.2945752917D-012
 -1.1463320005D-012  0.0000000000D+000  1.0251674326D-002  1.8679087881D-002
 -2.5558091615D-012  7.1920031477D-012 -3.1654765379D-012  0.0000000000D+000
 -2.7937647312D-001  2.7207753841D-011  0.0000000000D+000  0.0000000000D+000
 -3.7238717914D-001 -1.3986772274D-012 -2.6269818748D-012  0.0000000000D+000
  0.0000000000D+000 -1.4466602177D-002  2.0895684741D-002  5.6875575999D-012
  4.7816225068D-011 -3.9039689507D-012 -2.1760436867D-011  2.1881141760D-012
 -1.9284767880D-012  0.0000000000D+000  0.0000000000D+000 -4.2469920305D-002
 -3.6842215916D-011  0.0000000000D+000  7.6130023892D-012 -1.1125717580D-001
  0.0000000000D+000  0.0000000000D+000  0.0000000000D+000  0.0000000000D+000
  2.1323029223D-002 -4.9659269567D-003 -5.9137277569D-002 -2.3650479681D-001
  5.9137277571D-002  2.3650479684D-001  0.0000000000D+000  6.4194189775D-012
  6.6808208175D-002 -1.6448756936D-001  1.8816572287D-001 -1.1075565458D-001
 -2.2044106912D-012 -5.4309707718D-001  2.2301900697D-001 -1.7109194095D-001
  0.0000000000D+000  2.6092091841D-002 -7.0686454319D-003  2.8206218902D-004
  1.9575607606D-003  0.0000000000D+000  0.0000000000D+000 -4.4460117525D-002
  8.7724972732D-002  2.9648747671D-001 -7.5912599205D-002  1.9319708031D-012
  4.8228955508D-001  3.2091505754D-001 -8.5276776156D-003  4.7110821270D-012
 -2.1437849770D-002  1.1404411325D-003 -2.2620440439D-003  1.8399614523D-002
  0.0000000000D+000  0.0000000000D+000  1.0440955126D-002 -2.5898691523D-002
  1.1540426625D-001 -1.5244242977D-002  0.0000000000D+000 -2.3964249591D-001
  3.5730928614D-001  1.7026452383D-001  0.0000000000D+000  4.3779413837D-003
 -6.5763744410D-003  6.8122921791D-004 -2.7831446468D-002  0.0000000000D+000
  0.0000000000D+000  3.7697337610D-002 -7.8861377013D-002  5.5553678599D-002
 -1.1460223316D-001 -4.3895257560D-012 -4.6132227927D-001  2.6911151961D-001
 -4.2629708721D-001 -8.4757374739D-012 -4.5735185588D-003  6.0470323132D-003
  3.7046166101D-004  6.6347490698D-003  0.0000000000D+000  0.0000000000D+000
 -1.5082242025D-002  5.1577073391D-003 -2.6189710565D-002 -1.0577990290D-001
  5.5137724875D-012 -1.1859838862D-003  1.8776117227D-001 -2.6713741247D-001
  9.0004250386D-012 -1.3059938951D-002  1.9711390733D-003  2.4434284358D-003
 -1.6859470057D-002  0.0000000000D+000  0.0000000000D+000  2.5928109219D-002
  7.1039071369D-001  8.2961328323D-002  5.7977652492D-001  9.0645406704D-002
 -1.2546248344D-001 -5.3676147115D-002 -9.4209837101D-002 -3.0323333401D-012
 -1.4296664502D+000 -2.4375198967D-001 -3.0607809783D-001 -8.8148033334D-012
  3.7796896926D-003  1.1917027837D-002  9.6000738096D-004  1.2384790269D-002
  0.0000000000D+000  0.0000000000D+000 -1.2271610407D-002  3.9571192875D-001
 -1.2271610408D-002  3.9571192877D-001  7.2251508795D-002  1.1194305898D+000
 -2.4691970953D-002  7.0678187968D-002 -7.8168936133D-002  1.1345231920D-001
 -3.8691248155D-012  1.4182430021D-001 -9.7010113872D-002  8.7590812649D-002
 -5.0675768524D-012 -1.1169773241D-002 -3.3256831914D-003  7.2148458261D-003
 -4.3514644302D-003  0.0000000000D+000  0.0000000000D+000  1.1284384788D-002
 -3.0646059021D-002 -1.0547087253D-001  2.2063237990D-002 -2.1180704894D-012
 -3.5131325434D-002 -8.0052024879D-002  5.6103890376D-002 -3.9473126161D-012
  8.9467766707D-003 -3.3605830754D-003 -4.8579296312D-004 -7.3759461352D-003
  0.0000000000D+000  0.0000000000D+000 -4.3610476403D-002  6.8688872728D-002
 -9.5178662595D-002  1.0145691498D-001  4.4314453057D-012  6.7454022549D-001
 -2.9844289626D-001  2.5359679479D-001  8.2401357059D-012 -1.3557495808D-002
  3.7564363501D-003 -8.2610455072D-004  1.5139704742D-002  0.0000000000D+000
  0.0000000000D+000  2.6006766376D-003 -3.6782960213D-002 -3.5020710780D-002
  1.1524443851D-001 -5.6693074346D-012  1.8127396446D-001  1.5594530895D-001
  1.8369105139D-001 -1.2444774683D-011  1.6415120434D-002 -1.8836730883D-002
 -7.2466348893D-004 -6.6835288343D-003  0.0000000000D+000  0.0000000000D+000
 -3.7820767517D-003 -5.2486308533D-002  7.7804306088D-002  7.8754306950D-002
  8.7207371805D-012  1.9823413970D-001  1.1105383729D-001 -1.8403392048D-002
  1.4240426721D-011 -1.7350634805D-002  1.8878251863D-003  2.8549007412D-003
  2.6766894037D-002  0.0000000000D+000  0.0000000000D+000 -6.1365041145D-002
 -4.1023294083D-001 -7.2334756178D-002 -8.6200996057D-001  1.1706824034D-001
 -1.5213447285D-001 -1.0812694272D-001  1.1399358707D-001 -1.1725651988D-011
 -1.8697700740D+000 -2.9909104529D-001  4.9067988096D-001 -2.7607158573D-011
  6.3038360281D-003  4.3054640110D-003  1.5422691840D-002 -1.4648370328D-002
  0.0000000000D+000  0.0000000000D+000  5.7669954804D-002  1.1664637392D+000
  5.7669954802D-002  1.1664637393D+000 -4.3826261969D-002  2.7531571885D-001
 -4.0968309782D-002  5.4812077552D-002 -2.7819729261D-001 -3.0761452517D-002
  0.0000000000D+000  5.1202354863D-001 -3.1967455374D-001  3.9540934437D-002
 -1.5415905309D-012 -4.3668980742D-002  6.3735835022D-003 -1.2161787128D-002
 -6.8574404977D-004  0.0000000000D+000  0.0000000000D+000  6.1484972338D-002
 -1.5484729110D-001 -3.2295501886D-001  7.4784904114D-003 -5.6089504576D-012
 -5.4895539872D-001 -4.1733157035D-001 -4.9318150053D-002 -1.1049852849D-011
  1.5283289906D-002  2.0569193745D-003 -4.4578262453D-003 -1.5676896636D-002
  0.0000000000D+000  0.0000000000D+000  4.1673160765D-003  1.0268298281D-002
  2.2797251912D-002 -7.0021300209D-002  9.1415382057D-012 -4.0679137307D-001
 -3.0849800923D-001 -2.6131622308D-001  1.4644072066D-011  1.3682510335D-002
 -1.3914628128D-002 -2.0499693414D-004  1.6254102077D-002  0.0000000000D+000
  0.0000000000D+000  5.2345746385D-002 -1.0426006901D-001 -1.6000796607D-001
 -2.4968847989D-001 -8.1062128275D-012 -6.1909604761D-001 -5.6016758289D-001
 -9.9834268609D-001 -1.5124089583D-011 -8.5334473250D-003  2.0731198321D-002
 -3.8598561789D-003  2.0614365175D-003  0.0000000000D+000  0.0000000000D+000
  3.3929665021D-003  3.1501035942D-003 -1.3189054993D-001  6.8913693169D-003
  4.4116604966D-012 -3.7580529645D-001 -3.8798075029D-002  1.6741843024D-001
  3.8168200513D-012  2.7498758571D-002 -3.7638064028D-002  1.8656182627D-003
  8.8267993284D-004  1.2024298479D-012  0.0000000000D+000  7.5785970097D-002
  1.6756898085D+000 -3.8435453974D-002 -3.0161635530D-003 -7.9967214025D-003
  4.4007036941D-002 -1.6242879273D-001 -1.5765146757D-002  6.5332821381D-012
 -1.4734385959D-001 -3.9195894977D-001  3.5476566818D-003  2.2600077600D-011
 -8.4949362354D-003  1.1459336564D-003  1.0394734370D-002 -1.6449869943D-003
  0.0000000000D+000  0.0000000000D+000  2.4479422922D-002  1.7865927579D-001
  2.4479422916D-002  1.7865927574D-001 -1.1192132619D-002  2.1897170641D-001
  1.1154802015D-003  4.9381688378D-003  1.0812274991D-001 -1.1864484563D-002
 -2.8325618405D-012 -7.3542736406D-002  4.7467621382D-002 -7.0102937897D-002
 -2.4656218858D-012  1.2522669293D-003 -1.6488500379D-003  5.2985985939D-003
 -8.3852732776D-003  0.0000000000D+000  0.0000000000D+000 -1.6960372957D-002
  4.4534439762D-002  2.2682220956D-002  4.8304914746D-002  1.5833766144D-012
  5.6940440524D-002 -1.0679493932D-001  4.9678754001D-002  2.6486357239D-012
 -7.4127533438D-003 -2.8920244119D-003  8.6525742697D-004  1.2031968265D-002
  0.0000000000D+000  0.0000000000D+000  7.6449007167D-002 -1.3352562041D-001
  1.9932088020D-001 -1.0329624180D-001 -1.5814635982D-012 -1.0841628549D+000
  7.6431019972D-001 -3.3520502465D-001 -2.9083687804D-012  3.4455391564D-003
  1.0330789042D-002 -1.3586322571D-003 -3.5063447608D-003  0.0000000000D+000
  0.0000000000D+000  1.1322121456D-003  1.3506014902D-002 -8.2796283080D-002
  8.7630965503D-003  0.0000000000D+000 -2.8217862754D-001 -2.5792031120D-001
  3.9514593097D-001 -3.2843776460D-012 -8.0567635054D-003  5.1729719114D-003
  7.3292712420D-004 -1.1686029194D-003  0.0000000000D+000  0.0000000000D+000
  3.7974056986D-004 -4.5355074657D-002  1.0003849765D-002  5.4637947399D-002
  4.0559299197D-012  4.6614317716D-001 -1.1039536024D-001  1.1220906860D-002
  9.6512012752D-012  3.5475880207D-003 -2.7221574333D-003  6.4542416991D-004
  1.5720083734D-002  0.0000000000D+000  0.0000000000D+000  1.2948194592D-002
 -1.5169101743D-001  5.0992956524D-002  1.5375435385D+000  6.6041696651D-003
 -3.9267539312D-004  5.7304869719D-003  3.0634707151D-001 -1.2307819079D-011
 -1.3859258018D-001  5.4736505807D-002  9.3632875864D-001 -3.0889328117D-011
 -3.2923244548D-003 -8.3423135190D-003  1.1571482313D-002 -8.9318935801D-003
  0.0000000000D+000  0.0000000000D+000  3.9790420685D-002  6.7406844326D-001
  3.9790420685D-002  6.7406844333D-001 -7.6936302642D-002 -1.1836751063D+000
  2.6926986225D-002 -4.7790195059D-002  2.0278902085D-001 -3.6585090780D-002
  2.6659439857D-011 -3.1305879222D-001  2.8773397751D-001 -4.7755666649D-002
  2.7467290288D-011  7.6863282058D-003  5.9109280220D-003  7.3406636317D-003
  1.0884792434D-002 -1.4072579243D-012  0.0000000000D+000 -3.7839584732D-002
  3.5215396635D-002  1.6531706429D-001 -8.0939811931D-002 -3.5653116040D-012
  7.9185820570D-001  3.9834890451D-001  9.4888361660D-002 -1.0180353663D-012
 -2.2978797608D-002  2.5162863614D-003 -8.5391081020D-003  9.1370197235D-003
  0.0000000000D+000  0.0000000000D+000 -6.8802454724D-002  1.4033027395D-001
 -6.6988292229D-002  1.2745411774D-001  3.4449185769D-012  5.6981976019D-001
 -5.0813264093D-001  7.9732286999D-001 -7.9836482957D-012 -1.3518418910D-002
 -9.4315322614D-003  5.3934039301D-003 -2.3689196276D-002  0.0000000000D+000
  1.1517595017D-012  9.1608849267D-002 -1.8179134121D-001  7.2533377709D-002
 -9.9859969061D-002  7.2548973605D-012 -9.8345959226D-001  6.5755650695D-002
 -8.1932413738D-001  4.5453433330D-011  1.8793775707D-002  2.2710706421D-003
 -3.6084221499D-003 -4.4124368946D-003  0.0000000000D+000  3.2853098459D-012
 -4.1558209579D-002  8.3869129801D-002  6.9074000037D-003  6.0207302971D-002
 -3.6856154971D-011  2.0061275909D-001  2.5848829470D-001  2.5199755103D-003
 -1.0541182939D-010 -1.5741910170D-002 -5.4264844101D-004  1.1297104563D-003
  1.3338677064D-002  3.8340491053D-012  1.2241342404D-012  5.2588938949D-002
  1.3362799978D+000 -1.3818722258D-002 -1.1444882674D+000 -1.7811503507D-002
  6.7075438892D-003  1.8396368277D-001  1.6432221677D-001  1.0127742279D-010
  3.8091598622D-001  4.8743374605D-001  5.3227573695D-001  3.3228268056D-010
  6.3494211514D-003 -1.1899345502D-002 -1.4407295781D-004 -1.0935735276D-002
  0.0000000000D+000  3.5324954602D-012  1.3849344263D-002  2.5305538365D-002
  1.3849344227D-002  2.5305537651D-002 -8.6309008180D-002 -1.0986170457D+000
 -4.8603374580D-012  1.0274283617D-011 -4.4206227211D-011  7.1889069725D-012
  1.1864534347D-001  4.8351595886D-011 -6.5549098205D-011  1.6301600205D-012
  1.1715064274D-001  0.0000000000D+000 -1.6911091696D-012  0.0000000000D+000
 -2.7890799742D-012 -8.9236350975D-003 -4.1057777483D-003  7.6403965679D-012
 -4.9708921945D-012 -3.4152511948D-011  2.1148092141D-011 -9.5122741691D-003
 -1.7475966641D-010 -8.9385515091D-011 -1.8370147162D-011 -5.1114550534D-003
  5.0931233055D-012  0.0000000000D+000  2.1325402558D-012 -1.8143177415D-012
  4.5838423387D-003 -3.9102154421D-003  1.7189789093D-011 -3.4948045763D-011
  1.7836112815D-011 -2.9984362198D-011 -5.6967078434D-004 -1.3894817447D-010
  1.3796135143D-010 -1.8405643630D-010 -5.9940846238D-002  2.6203448308D-012
  2.9087574177D-012 -1.2594760646D-012  5.5605523665D-012 -4.3371410994D-004
  5.7518066593D-003 -2.1625928403D-011  4.2794408279D-011 -1.8837026795D-011
  3.1445694982D-011  5.1068992921D-002  2.2203527680D-010 -1.1292303869D-011
  2.3243162630D-010  2.4661773256D-001 -4.1552194929D-012  0.0000000000D+000
  0.0000000000D+000  0.0000000000D+000 -3.0561571352D-003  1.2158390499D-002
  8.1863832885D-012 -1.9768156781D-011 -1.1486542882D-012 -1.4049226188D-011
 -1.6843771319D-001 -1.1007853320D-012 -7.7736882021D-011 -8.9202762997D-012
 -4.8372229257D-001  1.5720932286D-012  0.0000000000D+000  0.0000000000D+000
 -2.0426889331D-012  1.4812535253D-002  6.4965583641D-003 -1.3182338365D-011
 -3.5404149035D-010  3.5676852204D-012  2.8899962555D-010  8.1814318125D-012
 -1.1340997682D-011 -4.1914337406D-011 -2.8526107920D-011  4.2855149963D-001
 -1.3392302509D-010 -1.1972802167D-010 -9.5073616758D-011  1.4008426909D+000
 -1.6070559916D-012  1.6874877667D-012  2.3059841272D-012  2.1404155891D-012
  5.6776643745D-003  1.5139824343D-002  6.9330726699D-002  1.4944941394D+000
 -6.9330726703D-002 -1.4944941393D+000  1.7061307658D-011  2.4469688592D-010
  7.1937743199D-002 -9.2961231893D-002 -2.1703947459D-001 -2.3761667726D-001
 -1.9038023635D-012 -1.0891384993D+000 -3.8643578077D-001 -4.8876464840D-001
 -2.9619943339D-012  1.8781559178D-002  2.3487005546D-002  3.8674482254D-002
  1.1174022368D-002  0.0000000000D+000  0.0000000000D+000  2.2845632015D-002
 -4.8412544789D-002  4.4578728564D-002  3.4214621309D-002 -1.4478005201D-012
 -3.7059719272D-001  1.8562187864D-001 -8.5618501218D-002 -2.2319083217D-012
  5.8835902990D-003  3.0859259524D-003 -3.1667238746D-004 -1.5681402406D-002
  0.0000000000D+000  0.0000000000D+000  1.7738867285D-002 -3.5314235623D-002
 -1.8609133901D-001 -1.3647159259D-001  1.6288003090D-012 -4.3986658889D-001
 -6.4770106193D-001 -5.3788438420D-001  5.0172415740D-012 -2.9358610927D-003
 -2.6817210091D-004  2.4507839904D-003  6.6282013552D-003  0.0000000000D+000
  0.0000000000D+000 -1.3246305188D-002 -2.5458574072D-002 -1.1105127011D-001
  8.9510101128D-002 -4.3736833698D-012  7.3737899902D-001 -8.5025299376D-001
  1.0881485778D-001 -9.7722088270D-012 -3.0882505302D-002  1.3604534558D-002
  5.6426996288D-003 -1.5571248757D-002  0.0000000000D+000  0.0000000000D+000
 -1.3862416259D-001  1.8265192794D-001  1.4119062177D-002 -2.4093231041D-001
  2.3222125788D-012  2.4881980282D+000  2.6012361908D-001 -7.6593623759D-001
  1.8697897926D-011  1.3172315891D-004 -3.0811298586D-002  1.7759748148D-002
 -2.0846844404D-002  1.1015704517D-012  0.0000000000D+000  6.2194310755D-002
 -1.5042455446D-001 -7.3640072556D-003 -2.8355403316D-001  5.6721567281D-002
 -2.0264607533D-002  1.1546852123D-001  4.7672865617D-002 -3.8805823953D-012
 -1.0987064920D+000  1.0340794577D+000  2.6870518074D-001 -9.7352702813D-012
  2.8887468851D-002 -1.3184085864D-002 -1.5872499263D-003  2.5928213791D-002
  0.0000000000D+000  0.0000000000D+000 -5.8954042209D-002  1.0547522273D-001
 -5.8954042213D-002  1.0547522274D-001  3.7762217401D-002 -1.6913953502D-001
 -5.2684219250D-002  6.4556558650D-002 -3.3408242526D-002  4.3438464657D-002
 -1.0025367675D-012  9.0040814199D-001 -2.9809025029D-002  2.7502765046D-001
 -2.1933101196D-012 -1.9883362908D-002 -1.3256670166D-002 -2.2736919983D-002
  1.2999156803D-003  0.0000000000D+000  0.0000000000D+000 -3.4527930219D-002
  4.4111530473D-002 -1.4764291828D-001  1.6114976330D-001  0.0000000000D+000
  7.7736992583D-001 -2.9390107354D-001  5.5842713585D-001  0.0000000000D+000
 -8.2068380043D-003 -1.7441658756D-003 -1.7250646429D-002 -2.7342652012D-003
  0.0000000000D+000  0.0000000000D+000  3.1937377768D-002 -2.3141910185D-002
  1.2636235224D-001  7.9792377296D-002  1.9661042035D-012 -1.1914755834D+000
  4.0583059538D-001  6.2254543974D-001  0.0000000000D+000 -2.6446418995D-002
  2.3913365740D-002 -5.1316011820D-003  9.3145358779D-003  0.0000000000D+000
  0.0000000000D+000  4.8117810053D-002 -5.3491752058D-002 -6.4994652405D-002
  9.0906069692D-003  0.0000000000D+000 -9.8622779022D-001 -6.6132576147D-001
 -1.7116176234D-001 -4.6682702902D-012  3.0650604618D-002 -1.8598284230D-002
 -4.1913318272D-004 -1.5986205185D-002  0.0000000000D+000  0.0000000000D+000
 -7.0606639671D-002  1.4062335210D-001  2.6237044032D-001  2.1968999408D-001
  0.0000000000D+000  1.5483644913D+000  1.3097326295D+000  1.0134730784D+000
  5.2757116849D-012 -4.4741299981D-003  2.7575250835D-003 -4.1381455393D-003
  4.0683113875D-003  0.0000000000D+000  0.0000000000D+000 -9.5004701198D-002
  5.0838367845D-001 -7.1690033127D-002  5.6381457133D-001  6.1245361391D-002
 -2.1802749880D-002  1.0900478685D-001 -1.6316283408D-001  1.6129325513D-012
 -1.4256435810D+000  1.2694306382D+000 -7.7668669947D-001  0.0000000000D+000
  3.0681112321D-002 -6.9446812651D-003 -7.7750776548D-003 -2.3147511313D-002
  0.0000000000D+000  0.0000000000D+000 -2.3292681872D-002 -3.5319817603D-001
 -2.3292681871D-002 -3.5319817604D-001 -6.9144209045D-002  6.3500051581D-001
GEOMETRY2
  8       -0.11999003129200       -1.99097693929000       -0.00000000000000
  7       -2.72233144388000       -1.49044165071000       -0.00000000000000
  6       -2.89226619940000        0.98287192582800       -0.00000000000000
  6       -0.48731486378500        2.18077358785000        0.00000000000000
  6        1.17506190519000        0.20966895066300        0.00000000000000
  1       -0.06528052645160        4.17689119398000        0.00000000000000
  1       -4.74988358935000        1.84264737951000       -0.00000000000000
  6        3.98537145019000        0.02827120729250        0.00000000000000
  1        4.66191033230000       -0.99209179734500       -1.67051807980000
  1        4.66191033230000       -0.99209179734500        1.67051807980000
  1        4.82247005546000        1.91603806073000        0.00000000000000
HESSIAN 6-31G(d)
  33
  3.6328921629D-001
  5.7827947771D-004  4.8881992886D-001
  5.8863885595D-012 -5.9781035244D-012  9.2924378637D-002
 -1.4290590550D-001 -3.4441902506D-002 -8.4317750353D-012  3.4381653549D-001
  7.7317030167D-002 -7.7675652728D-002  1.9393554974D-012  3.0628655419D-002
  6.2511332859D-001
 -1.2488690843D-011  3.0078148440D-012 -6.7925840378D-002  6.5523544578D-012
 -7.1181253038D-012  9.1852723629D-002
 -7.5500314835D-002  3.7175130412D-002 -1.6093956633D-012 -1.0234387725D-001
 -9.6605604692D-003  1.9457047111D-012  7.9439726982D-001
  5.2888439428D-002 -7.4694323005D-002  0.0000000000D+000  3.0629436723D-002
 -4.4804860100D-001  6.7751570710D-012 -1.1229120625D-001  7.2902477514D-001
 -4.7576893644D-012 -1.8070613839D-012  1.1402512908D-002  5.8903985929D-012
  0.0000000000D+000 -6.4545534290D-002 -2.4905411768D-012  1.9298328994D-012
  1.3650887957D-001
  6.2094020633D-003  3.3468019228D-002  4.6711432284D-012 -1.3819129211D-003
 -7.6866219460D-002  0.0000000000D+000 -2.5471681277D-001 -4.5945459247D-002
  6.0189362974D-012  5.7977294340D-001
 -2.7675582482D-002 -9.0663960601D-002  1.4063333521D-012 -6.2921765914D-003
 -5.1058714029D-002 -2.0301317740D-012 -8.4037821773D-002 -1.4503546319D-001
 -6.6868453211D-012  6.5811508138D-003  9.0089987894D-001
  3.3110850253D-012 -1.6029001394D-012  1.3297397332D-002  0.0000000000D+000
  6.7307749914D-012  2.2795818101D-002 -6.3978627586D-012 -1.1105919775D-011
 -6.0782023092D-002  0.0000000000D+000  1.1569236108D-011  1.0871538307D-001
 -1.2860666071D-001 -3.8193086816D-002  0.0000000000D+000 -8.8192581084D-002
 -1.8519355723D-002  4.2524275412D-012 -5.9321358963D-002 -1.0079944185D-002
 -4.5025745404D-012 -2.3649073563D-001  1.6493117720D-001  4.0263628384D-012
  7.8477784324D-001
 -6.5680026089D-002 -2.4185185229D-001  2.1836037018D-012 -5.3990593318D-002
 -3.5733992385D-002  0.0000000000D+000  6.0460635012D-002  5.1926983555D-002
  4.8658936171D-012  1.3350465882D-001 -2.8601603957D-001 -3.3718546534D-012
 -1.1305231774D-001  6.1690384120D-001
  1.3306940530D-011  7.9305381278D-012 -6.9813541427D-002 -8.7598165464D-012
  0.0000000000D+000  1.4597761663D-002  3.2106016409D-012 -6.5916885117D-012
  8.9334509534D-003 -1.0028584089D-011  8.3589815073D-012 -6.5587482102D-002
 -4.4877476332D-012 -2.7395172374D-012  1.7670409002D-001
 -1.9233139997D-003  6.6328231588D-003 -1.9742312753D-012 -6.5355970125D-003
 -4.0760250795D-003  1.0606537958D-012  5.4742323941D-003 -2.5381948856D-002
 -3.0002237176D-012 -7.0465309266D-002 -6.2710215383D-002  0.0000000000D+000
  1.1022603688D-002  1.8843964675D-002  3.4995571452D-012  6.1613066685D-002
  6.2478405739D-005 -2.6912414930D-003 -1.0273305680D-012  1.2009474494D-003
 -5.1759620134D-004  0.0000000000D+000  2.6566455505D-003 -1.8025813457D-003
  0.0000000000D+000 -6.0437814077D-002 -3.5076658329D-001 -2.8307649505D-012
 -9.8188213144D-003 -1.0207449638D-002 -1.1836542899D-012  6.6561489965D-002
  3.6552595639D-001
 -4.6701577036D-012 -2.4316902501D-012  8.8542108421D-003  2.3495079647D-012
 -3.4544054492D-012  5.9437212502D-003  2.7555474777D-012  7.2279231827D-012
 -4.1500849197D-003  4.9180310462D-012 -1.3570901576D-011 -2.5112565298D-002
 -7.2093379684D-012  8.2468416889D-012 -3.2066928823D-003  1.1431943395D-012
  4.7454839664D-012  2.1348294647D-002
  3.6383622638D-003 -1.7442729743D-003  1.7877959037D-007  5.5301210796D-004
  1.9470184153D-003  2.9776864984D-007 -3.0683240218D-001  1.1082271752D-001
 -4.5408062436D-007 -9.4105362087D-003  1.2585445299D-002  1.4593185722D-007
 -3.2829034012D-003 -1.7870341011D-003 -1.5985802348D-007  2.0845576511D-004
 -3.8115669097D-004  3.8589535381D-008  3.1557272243D-001
  5.4626556558D-003 -6.0847015309D-003  5.3715354815D-007  3.1119726735D-002
 -7.2608133045D-003 -5.4171550341D-007  1.0362036162D-001 -1.0601547335D-001
 -5.1641763321D-008 -1.3000988436D-002  1.2734320472D-002  1.2479456408D-006
 -5.3271542971D-003 -5.3811331237D-003 -5.6269443653D-007  9.0922686713D-004
 -9.1694305231D-005  1.1722455801D-007 -1.2247880219D-001  1.1074600014D-001
 -1.1418636126D-007  3.1053080490D-007  1.1085317505D-002  8.3312136059D-008
  1.6501499810D-007 -7.1833984966D-003  1.0369118273D-007 -3.2564080456D-007
 -3.3623203950D-002  5.3160934284D-007 -2.4236918595D-007  1.0354108712D-003
 -8.4937268160D-007 -4.9748684778D-007  4.1336850524D-003  2.6556686142D-008
  1.1176856873D-007 -1.2730243448D-003  4.6768785502D-012  5.2172732640D-011
  2.5465401055D-002
 -2.4638519696D-002 -7.2292840792D-003 -4.5437792557D-007  2.9681533608D-003
 -6.6638345316D-004 -5.4153887084D-007 -2.4950367269D-004  6.0438672108D-004
  1.0141228155D-006 -1.1844126000D-002 -1.4236318777D-004 -5.5891800463D-007
 -2.3734375654D-001  1.6397588738D-002  7.8650918301D-007  8.2359588212D-004
 -4.7727077345D-004 -1.8833449055D-007 -9.6327881245D-005  5.7402083587D-005
 -3.5474836644D-011  5.1043608092D-001
 -4.3856319897D-002  3.0099170047D-003  1.6803649569D-008  1.3422767796D-003
 -5.9978989766D-003 -4.8912310527D-007  2.7040340447D-003 -4.2112635249D-003
  6.7102513857D-007  2.1037099719D-002  7.2449702889D-003 -2.5912301378D-007
  2.1382096101D-002 -8.7756847927D-002  7.3361086541D-008 -3.7459565330D-004
  1.3621693068D-004 -8.6278644885D-008  8.9280444004D-004  1.2287896527D-003
  5.0678538282D-012  1.4696381838D-002  5.9033075038D-001
 -1.8538683269D-006  1.1604719821D-006 -1.6562616056D-003  1.9971888944D-006
  1.3413019987D-006  3.5560589043D-003 -1.0865836448D-006 -4.5897921292D-006
  7.1927093399D-003 -1.1947080227D-006  3.5100181833D-006  6.5604862470D-003
  3.5905976722D-006 -6.6526362896D-007 -7.0921432765D-002 -2.7348888264D-007
  7.9268486346D-009 -3.0558312941D-003  1.0744404396D-011 -4.1035144531D-010
  4.1202827210D-004 -3.6261431803D-011 -6.6286184017D-011  5.4980087983D-001
  4.1649888137D-003  7.4721768441D-004 -3.6840290073D-004 -2.6785112982D-003
  6.0910230792D-004 -8.1198345608D-004 -5.3262497456D-004 -3.1250106467D-004
 -1.2810422014D-003 -1.7291568483D-003 -1.9903569175D-003 -1.3337931214D-004
 -1.5921165383D-002  1.9856811644D-002  2.8784963724D-002  6.9154717127D-005
  5.5560662080D-005  3.5770387236D-004 -2.3754124153D-004 -2.6269497163D-004
 -1.1236411053D-004 -7.3622729915D-002  3.9613449382D-002  6.8381945420D-002
  8.2180225332D-002
 -6.5199166055D-005  3.6596127778D-004  9.7882098735D-005 -4.9218881540D-004
  3.4265356322D-004 -2.9758200911D-004 -5.1368574584D-005 -4.8597664676D-004
  7.0395083620D-004  5.3769382288D-004  1.0894313790D-003 -2.1074502598D-004
  3.2305659978D-003 -2.6593195297D-003 -3.3239535783D-005 -1.1747633043D-004
  9.8624038890D-005 -3.2326441255D-004  6.0946131816D-005  5.4788908523D-005
 -3.6590903739D-005  3.9081519066D-002 -1.1224263810D-001 -1.0643599891D-001
 -4.6541448302D-002  1.1749742455D-001
 -3.1454158515D-004 -2.5040246116D-004  5.2256851748D-004  7.2592757846D-004
  7.3956487934D-005  4.6586073561D-005 -2.2437958939D-004  3.6204906053D-004
 -2.9277446008D-004 -9.9398200448D-004  4.9580898208D-004 -3.7022067098D-004
  1.1187712436D-003  1.6908415327D-003  3.7674442485D-003 -2.6476379053D-006
  7.3940742229D-006  1.5696153888D-004 -5.0360487441D-005  2.0079214518D-005
  1.2881557057D-005  6.7603148052D-002 -1.0659176353D-001 -2.2182880970D-001
 -7.4280035391D-002  1.1703873582D-001  2.3835431848D-001
  4.1673831895D-003  7.4500853795D-004  3.6976089780D-004 -2.6818473146D-003
  6.0130205701D-004  8.1606642534D-004 -5.2754559489D-004 -2.9738614647D-004
  1.2757758428D-003 -1.7242699168D-003 -2.0005299194D-003  1.3417035047D-004
 -1.5925455917D-002  1.9862566778D-002 -2.8786423161D-002  6.9101105478D-005
  5.6444946794D-005 -3.5763133151D-004 -2.3987289323D-004 -2.6247517214D-004
  1.1236984604D-004 -7.3624308224D-002  3.9613470954D-002 -6.8381368350D-002
  3.6228802203D-003 -6.1571993444D-003  8.1126721044D-003  8.2180221536D-002
 -6.6148396803D-005  3.6419776757D-004 -9.9990822247D-005 -4.8960238238D-004
  3.4494008178D-004  3.0210884278D-004 -5.6530996659D-005 -4.8770702470D-004
 -7.0957567819D-004  5.4083625064D-004  1.0912301406D-003  2.1206492093D-004
  3.2339085564D-003 -2.6595790714D-003  3.4408701229D-005 -1.1808376878D-004
  9.7999790835D-005  3.2333598271D-004  6.1864463488D-005  5.4339895071D-005
  3.6801449358D-005  3.9077968001D-002 -1.1224151014D-001  1.0643662632D-001
 -6.1565046544D-003  9.0727780739D-003 -1.4071756052D-002 -4.6541448754D-002
  1.1749742443D-001
  3.1522133963D-004  2.5230739992D-004  5.2555723289D-004 -7.2864402363D-004
 -7.7966701518D-005  4.4276374907D-005  2.2953671048D-004 -3.5664407867D-004
 -2.9017015531D-004  9.9604337153D-004 -4.9667201046D-004 -3.7050087063D-004
 -1.1287671964D-003 -1.6898871493D-003  3.7685984401D-003  3.4595935645D-006
 -7.8306803721D-006  1.5706726948D-004  4.9027522156D-005 -2.0002531321D-005
  1.2373055396D-005 -6.7598158413D-002  1.0658854006D-001 -2.2183076424D-001
 -8.1125736311D-003  1.4071658598D-002 -2.1819956725D-002  7.4280034540D-002
 -1.1703873603D-001  2.3835431866D-001
 -7.8839746348D-003  2.2523059066D-003 -1.6567931451D-006 -6.1612694999D-004
 -1.3091061007D-003  2.3798659055D-006  1.4979846198D-004 -6.4954928978D-004
 -3.1505327061D-006  1.7681127108D-003  7.4357168286D-004  3.1257969357D-006
 -1.0705012861D-002 -3.4407476851D-002 -1.2205360744D-006 -3.5610269292D-004
  5.2501189467D-004  1.6786248762D-007  1.2663988374D-004  1.6281842983D-004
  3.5967615283D-007 -9.2816844324D-002 -9.7041085392D-002 -1.4474837311D-006
  4.6839519465D-003  1.0513544612D-002 -1.6925577639D-003  4.6830221669D-003
  1.0513407964D-002  1.6929050552D-003  1.0096926636D-001
  1.0498601658D-003  1.0979692974D-003  5.7098019364D-007  7.6502119126D-004
  4.7834242417D-004 -1.2943087703D-006 -5.0248572510D-004 -1.3169305166D-004
  4.4252940209D-007  5.8026830812D-004  4.4087879478D-004  8.0902391293D-007
  2.1912795145D-003  3.4528185839D-003  8.0809401950D-007 -1.6769259574D-004
  2.1819693966D-004  2.9241260383D-007  2.1230912603D-005  1.5651369044D-005
  1.3345920048D-007 -1.0139295009D-001 -2.7949968579D-001 -2.9191679694D-006
 -5.6183670923D-003 -1.3134016411D-002  1.2258887027D-003 -5.6196003431D-003
 -1.3134467255D-002 -1.2252665524D-003  1.0869741796D-001  3.0019763057D-001
 -8.8150098409D-010 -1.6161522490D-007  7.8326381796D-004  7.6600267365D-007
  4.7651618608D-007  7.9796597455D-004 -1.0734308407D-006  1.5895407077D-007
 -3.2857700539D-004  8.9604064296D-007  9.1740517920D-008 -1.8971680424D-004
 -1.4386578220D-007  3.8141822683D-007 -2.3731799897D-003  5.1338153034D-008
 -5.2950100895D-008  3.3847413975D-004  1.2026347020D-008 -1.2345540933D-007
 -7.9319299085D-005 -5.0918770911D-007 -9.1305328473D-007 -4.8233577386D-002
 -1.2424691644D-002 -2.4573551901D-002  1.4524989689D-003  1.2424809585D-002
  2.4573368298D-002  1.4525743951D-003 -6.0952644265D-011  1.5846875251D-011
  4.6380979027D-002
