C OPT B3LYP 6-31G* FINDBEST=MMFF FREQ NMR POLAR
C CONVERGE SCFTOLERANCE=VERYHIGH GRADIENTTOLERANCE=0.000005
DISTANCETOLERANCE=0.00002 BIGGRID
M0001
0 1
 8   2.147284742  -0.027683640  -3.861998077
 7   0.812008927   0.126715425  -3.564765611
 6   0.374889291  -1.070143946  -3.153098229
 6   1.450070717  -1.998806130  -3.159752832
 6   2.562579734  -1.315727460  -3.618698353
 1   1.404392161  -3.036502556  -2.860975855
 6  -0.997820079  -1.352135606  -2.713181162
 8  -1.986817471  -0.427480734  -2.926544768
 6  -1.954360297   0.458973617  -4.053424408
 1  -1.479869317   1.401961558  -3.770180874
 1  -2.990393719   0.673198190  -4.332056070
 1  -1.466173208   0.000660432  -4.918535838
 8  -1.264210386  -2.396478071  -2.121461548
 6   3.886929934  -1.749738050  -3.827499492
 8   4.842787602  -0.851838776  -4.319778745
 6   5.999838889  -1.620254935  -4.391842751
 6   5.796502195  -2.876227422  -3.986900634
 6   4.404674624  -2.963605303  -3.614668885
 1   6.883107110  -1.125532634  -4.751189797
 1   6.516802394  -3.675932816  -3.940323340
 1   3.915242122  -3.847448054  -3.241828501
ENDCART
ATOMLABELS
"*O1"
"*N1"
"*C3"
"*C4"
"*C5"
"H17"
"C6"
"O1"
"C7"
"H3"
"H5"
"H7"
"O2"
"C1"
"O3"
"C3"
"C4"
"C5"
"H8"
"H9"
"H11"
ENDATOMLABELS
HESSIAN
    8    6    2    2    2   13    2    8    1   13   13   13
    9    2    8    2    2    2   13   13   13
    1    2    1
    1    5    1
    2    3    2
    3    4    1
    4    5    2
    4    6    1
    3    7    1
    7    8    1
    9   10    1
    9   11    1
    9   12    1
    8    9    1
    7   13    2
   14   15    1
   14   18    2
   15   16    1
   16   19    1
   16   17    2
   17   20    1
   17   18    1
   18   21    1
    5   14    1
ENDHESS
NOCONFORMER
BEGINPROPIN
C DOQSAR PRINTMO THERMO PRINTFREQ PRINTCHG
C QSAR NBO DIPOLE POP PROPPRINTLEV=2 PROPRERUN
 PRINTVIBCOORDS PROP:IGNORE_WARN
ENDPROPIN
BEGINPREFERENCES
 MM:CONF_SELECTION_RULE=2
ENDPREFERENCES
