C SOPT B3LYP 6-31G* UVVIS FREQ NMR POLAR CONVERGE
C SCFTOLERANCE=VERYHIGH GRADIENTTOLERANCE=0.000005
 DISTANCETOLERANCE=0.00002 BIGGRID
M0001
0 1
 1  -3.258514247   1.396253786   3.914351200
 6  -2.424535780   1.091875574   3.287586678
 6  -0.275201816   0.326374031   1.628798736
 6  -2.635891325   0.807679413   1.936336211
 6  -1.156877534   0.966305725   3.829330841
 6  -0.099343950   0.585057158   3.009070530
 6  -1.592537342   0.400778480   1.080460626
 1  -3.650803612   0.904526493   1.567402416
 1  -0.985582732   1.167626215   4.882861103
 1   0.891869184   0.488026764   3.449153468
15  -1.976923068  -0.080382506  -0.642654041
 6   0.958335161  -0.009084717   0.856378965
 6   3.356004688  -0.649676500  -0.565591778
 6   1.851075794   1.022957197   0.422790361
 6   1.331166597  -1.366704357   0.629115233
 6   2.514342347  -1.653766744  -0.086397157
 6   3.022100078   0.675745893  -0.285472340
 1   2.803033818  -2.689791505  -0.249899427
 1   3.707051272   1.457642602  -0.604326498
 6   1.641753914   2.500239009   0.777890632
 1   0.592394110   2.667127463   1.038904031
 6   2.496583395   2.886335579   1.992454138
 1   3.567399142   2.801062710   1.774583052
 1   2.289690303   2.248377431   2.855768171
 1   2.297686461   3.921904868   2.289335388
 6   1.953865420   3.469228450  -0.374690627
 1   3.030560279   3.573979598  -0.547291520
 1   1.569552413   4.468552197  -0.141277035
 1   1.500201819   3.144476473  -1.314632123
 6   4.617530432  -1.015292869  -1.326601061
 1   4.638684004  -2.104365709  -1.466163546
 6   5.874284466  -0.636140431  -0.539532988
 1   5.868737760  -1.099039182   0.453620465
 1   5.959809672   0.447288939  -0.401746404
 1   6.774015315  -0.976997191  -1.063119003
 6   4.638771306  -0.389793043  -2.723983455
 1   4.686631174   0.703819734  -2.684497660
 1   3.741356730  -0.664767267  -3.289380375
 1   5.510423075  -0.739220175  -3.287984206
 6   0.547307933  -2.539001070   1.220994763
 1  -0.435150899  -2.196443278   1.553008893
 6   1.264813443  -3.089308685   2.458538493
 1   0.674313516  -3.885782025   2.924149251
 1   1.417089490  -2.304660387   3.207709780
 1   2.247484830  -3.504271617   2.208138866
 6   0.290424405  -3.666048261   0.211534764
 1  -0.399859671  -4.404543340   0.634295789
 1   1.205309083  -4.203534263  -0.057937824
 1  -0.154747596  -3.276332748  -0.709889781
 6  -2.414378739   1.471308744  -1.581055872
 6  -2.848476998   1.140435038  -3.022288915
 6  -1.128757662   2.316655650  -1.707427093
 1  -2.123017945   0.493232216  -3.529622670
 1  -0.301320651   1.744415458  -2.143729431
 1  -3.823550653   0.649891224  -3.062748038
 1  -0.811750989   2.693911662  -0.731977953
 6  -3.397138178  -1.297731192  -0.647768551
 6  -3.281318806  -2.146135740  -1.940706726
 6  -4.811006658  -0.710418550  -0.596407892
 1  -3.422632708  -1.551796630  -2.847496171
 1  -5.045560770  -0.101331005  -1.471607961
 1  -2.303833113  -2.637611982  -2.019259946
 1  -4.987339029  -0.108874041   0.297337004
 1  -2.941416634   2.052912337  -3.624396002
 1  -1.288954731   3.194506350  -2.345420536
 1  -5.562493237  -1.510447823  -0.581048861
 1  -4.041701185  -2.936657605  -1.960692147
 6  -3.275692934  -2.295549721   0.525649957
 1  -3.373241047  -1.811954637   1.501907837
 1  -2.325415894  -2.831492201   0.506680288
 1  -4.063726222  -3.057615714   0.475995142
 6  -3.471086662   2.373199868  -0.928999149
 1  -3.139221487   2.763802401   0.038334197
 1  -4.429161857   1.876778451  -0.775134794
 1  -3.673488469   3.248273532  -1.559609712
ENDCART
ATOMLABELS
"*H3"
"*C3"
"*C6"
"*C2"
"*C4"
"*C5"
"*C1"
"H2"
"*H4"
"H5"
"*P1"
"*C7"
"*C10"
"*C8"
"*C12"
"*C11"
"*C9"
"*H11"
"*H9"
"*C13"
"H28"
"C24"
"H4"
"H30"
"H31"
"C25"
"H29"
"H32"
"H33"
"*C14"
"H35"
"C27"
"H27"
"H36"
"H37"
"C28"
"H34"
"H38"
"H39"
"*C15"
"H41"
"C30"
"H24"
"H42"
"H43"
"C31"
"H40"
"H44"
"H45"
"*C16"
"C6"
"C2"
"H11"
"H3"
"H13"
"H14"
"*C17"
"C11"
"C12"
"H18"
"H19"
"H25"
"H26"
"H48"
"H49"
"H51"
"H53"
"C1"
"H6"
"H7"
"H8"
"C3"
"H1"
"H9"
"H10"
ENDATOMLABELS
HESSIAN
   13    3    3    3    3    3    3   13   13   13   12    3
    3    3    3    3    3   13   13    1   13    1   13   13
   13    1   13   13   13    1   13    1   13   13   13    1
   13   13   13    1   13    1   13   13   13    1   13   13
   13    1    1    1   13   13   13   13    1    1    1   13
   13   13   13   13   13   13   13    1   13   13   13    1
   13   13   13
    1    2    1
    2    5    5
    5    6    5
    3    6    5
    3    7    5
    4    7    5
    2    4    5
    6   10    1
    4    8    1
    5    9    1
    7   11    1
   12   15    5
   15   16    5
   13   16    5
   13   17    5
   14   17    5
   12   14    5
   16   18    1
   17   19    1
    3   12    1
   20   21    1
   14   20    1
   22   23    1
   22   24    1
   22   25    1
   20   22    1
   26   27    1
   26   28    1
   26   29    1
   20   26    1
   30   31    1
   13   30    1
   32   33    1
   32   34    1
   32   35    1
   30   32    1
   36   37    1
   36   38    1
   36   39    1
   30   36    1
   40   41    1
   15   40    1
   42   43    1
   42   44    1
   42   45    1
   40   42    1
   46   47    1
   46   48    1
   46   49    1
   40   46    1
   50   51    1
   50   52    1
   51   53    1
   51   55    1
   52   54    1
   52   56    1
   11   50    1
   57   58    1
   57   59    1
   58   60    1
   58   62    1
   59   61    1
   59   63    1
   11   57    1
   51   64    1
   52   65    1
   59   66    1
   58   67    1
   68   69    1
   68   70    1
   68   71    1
   57   68    1
   72   73    1
   72   74    1
   72   75    1
   50   72    1
ENDHESS
BEGINPROPIN
C DOQSAR PRINTMO THERMO PRINTFREQ PRINTCHG
C NBO POP PROPPRINTLEV=2 PROPRERUN PRINTVIBCOORDS
 PROP:IGNORE_WARN
ENDPROPIN
BEGINPREFERENCES
 MM:CONF_SELECTION_RULE=2
ENDPREFERENCES
