C OPT B3LYP 6-31G* FINDBEST=MMFF FREQ NMR POLAR
C CONVERGE SCFTOLERANCE=VERYHIGH GRADIENTTOLERANCE=0.000005
DISTANCETOLERANCE=0.00002 BIGGRID
M0001
0 1
 8  -0.153772712   0.489893987   0.807151996
 7   0.810241032   0.965580736   1.674307574
 6   0.260045202   0.940629382   2.900718627
 6  -1.071616054   0.445108949   2.831629400
 6  -1.278090615   0.179377055   1.501999341
 1  -1.770244129   0.306432461   3.643334359
 6   1.000838759   1.379764501   4.083168638
 8   0.248859050   1.269538897   5.223828935
 6   0.892117412   1.681989401   6.438536259
 1   0.099721938   1.976940471   7.134307571
 1   1.522099464   2.564430739   6.278469250
 6   1.684206924   0.530653433   7.029123999
 1   1.038515887  -0.339755357   7.185417914
 1   2.128858067   0.816724764   7.986467315
 1   2.484716444   0.215599088   6.352433001
 8   2.154599803   1.794635549   4.066778527
 6  -2.408758732  -0.345405962   0.717428026
 1  -2.123622486  -1.268432133   0.203433102
 1  -2.726445739   0.384493268  -0.033433152
 1  -3.265382661  -0.565454564   1.361968107
ENDCART
ATOMLABELS
"*O1"
"*N1"
"*C3"
"*C4"
"*C5"
"H8"
"C1"
"O1"
"C2"
"H3"
"H5"
"C3"
"H2"
"H6"
"H7"
"O2"
"C4"
"H1"
"H4"
"H9"
ENDATOMLABELS
HESSIAN
    8    6    2    2    2   13    2    8    1   13   13    1
   13   13   13    9    1   13   13   13
    1    2    1
    1    5    1
    2    3    2
    3    4    1
    4    6    1
    4    5    2
    3    7    1
    7    8    1
    9   10    1
    9   11    1
    8    9    1
   12   13    1
   12   14    1
   12   15    1
    9   12    1
    7   16    2
   17   18    1
   17   19    1
   17   20    1
    5   17    1
ENDHESS
NOCONFORMER
BEGINPROPIN
C DOQSAR PRINTMO THERMO PRINTFREQ PRINTCHG
C QSAR NBO DIPOLE POP PROPPRINTLEV=2 PROPRERUN
 PRINTVIBCOORDS PROP:IGNORE_WARN
ENDPROPIN
BEGINPREFERENCES
 MM:CONF_SELECTION_RULE=2
ENDPREFERENCES
