C OPT B3LYP 6-31G* FINDBEST=MMFF FREQ NMR POLAR
C CONVERGE SCFTOLERANCE=VERYHIGH GRADIENTTOLERANCE=0.000005
DISTANCETOLERANCE=0.00002 BIGGRID
M0001
0 1
 8   3.049441499   0.758451723   0.000000000
 7   1.701424512   1.111443717   0.000000000
 6   1.025377266  -0.023833830   0.000000000
 6   1.913930905  -1.148367022  -0.000000000
 6   3.147002979  -0.583551202  -0.000000000
 1   4.151202732  -0.983156394  -0.000000000
 1   1.671669246  -2.199646333  -0.000000000
 6  -0.448963937  -0.015912239  -0.000000000
 6  -3.258099429   0.007432410  -0.000000000
 6  -1.173164135  -1.216835727  -0.000000000
 6  -1.152623748   1.200504134   0.000000000
 6  -2.544346887   1.209116210   0.000000000
 6  -2.567592730  -1.204866682  -0.000000000
 1  -0.649295597  -2.168270359  -0.000000000
 1  -0.595377667   2.131356446   0.000000000
 1  -3.074991467   2.157395612   0.000000000
 1  -3.113179025  -2.144577730  -0.000000000
 1  -4.344653509   0.017062643  -0.000000000
ENDCART
ATOMLABELS
"*O1"
"*N1"
"*C3"
"*C4"
"*C5"
"H10"
"H17"
"C1"
"C2"
"C6"
"C7"
"C8"
"C9"
"H2"
"H6"
"H5"
"H3"
"H4"
ENDATOMLABELS
HESSIAN
    8    6    2    2    2   13   13    3    3    3    3    3
    3   13   13   13   13   13
    1    2    1
    1    5    1
    2    3    2
    3    4    1
    4    5    2
    5    6    1
    4    7    1
    8   11    5
   11   12    5
    9   12    5
    9   13    5
   10   13    5
    8   10    5
   12   16    1
   13   17    1
    9   18    1
   10   14    1
   11   15    1
    3    8    1
ENDHESS
NOCONFORMER
BEGINPROPIN
C DOQSAR PRINTMO THERMO PRINTFREQ PRINTCHG
C QSAR NBO DIPOLE POP PROPPRINTLEV=2 PROPRERUN
 PRINTVIBCOORDS PROP:IGNORE_WARN
ENDPROPIN
BEGINPREFERENCES
 MM:CONF_SELECTION_RULE=2
ENDPREFERENCES
