External AB INITIO PROGRAM: converted archive file
Jobname.Temp
  11 100  34  86   0   1  32   0 RB3LYP   6-31G(d)        NOOPTOPT FREQ        
GEOMETRY
  8     2.6171805     1.4400053    -0.0000000
  7     0.0550055     2.1038604    -0.0000000
  6    -1.1983073    -0.0449688    -0.0000000
  6     0.4758248    -2.1633145     0.0000000
  6     2.8088285    -1.0916310     0.0000000
  1    -0.0073239    -4.1459581     0.0000000
  6    -4.0373601    -0.0520749    -0.0000000
  1    -4.7783458     0.9197551     1.6694054
  1    -4.7612308    -1.9869555     0.0000000
  1    -4.7783458     0.9197551    -1.6694054
  1     4.7088479    -1.8417274     0.0000000
BASIS
   0   6   1   1   0
   1   3   7   1   0
   1   1  10   1   0
   2   1  11   1   0
   0   6  12   2   0
   1   3  18   2   0
   1   1  21   2   0
   2   1  22   2   0
   0   6  23   3   0
   1   3  29   3   0
   1   1  32   3   0
   2   1  33   3   0
   0   6  34   4   0
   1   3  40   4   0
   1   1  43   4   0
   2   1  44   4   0
   0   6  45   5   0
   1   3  51   5   0
   1   1  54   5   0
   2   1  55   5   0
   0   3  56   6   0
   0   1  59   6   0
   0   6  60   7   0
   1   3  66   7   0
   1   1  69   7   0
   2   1  70   7   0
   0   3  71   8   0
   0   1  74   8   0
   0   3  75   9   0
   0   1  78   9   0
   0   3  79  10   0
   0   1  82  10   0
   0   3  83  11   0
   0   1  86  11   0
  5.4846717000D+003
  8.3173520885D-001  0.0000000000D+000  0.0000000000D+000  0.0000000000D+000
  8.2523495000D+002
  1.5308074829D+000  0.0000000000D+000  0.0000000000D+000  0.0000000000D+000
  1.8804696000D+002
  2.4771490916D+000  0.0000000000D+000  0.0000000000D+000  0.0000000000D+000
  5.2964500000D+001
  3.2562802462D+000  0.0000000000D+000  0.0000000000D+000  0.0000000000D+000
  1.6897570000D+001
  2.7928936336D+000  0.0000000000D+000  0.0000000000D+000  0.0000000000D+000
  5.7996353000D+000
  9.5493769626D-001  0.0000000000D+000  0.0000000000D+000  0.0000000000D+000
  1.5539616000D+001
 -6.1793369763D-001  3.1169455889D+000  0.0000000000D+000  0.0000000000D+000
  3.5999336000D+000
 -2.7572100882D-001  2.4014372483D+000  0.0000000000D+000  0.0000000000D+000
  1.0137618000D+000
  8.1420764273D-001  1.0543605133D+000  0.0000000000D+000  0.0000000000D+000
  2.7000580000D-001
  2.6695613886D-001  2.7743193731D-001  0.0000000000D+000  0.0000000000D+000
  8.0000000000D-001
  0.0000000000D+000  0.0000000000D+000  1.1138249281D+000  0.0000000000D+000
  4.1735110000D+003
  6.7900795717D-001  0.0000000000D+000  0.0000000000D+000  0.0000000000D+000
  6.2745790000D+002
  1.2504643275D+000  0.0000000000D+000  0.0000000000D+000  0.0000000000D+000
  1.4290210000D+002
  2.0203691378D+000  0.0000000000D+000  0.0000000000D+000  0.0000000000D+000
  4.0234330000D+001
  2.6442129843D+000  0.0000000000D+000  0.0000000000D+000  0.0000000000D+000
  1.2820210000D+001
  2.2650039968D+000  0.0000000000D+000  0.0000000000D+000  0.0000000000D+000
  4.3904370000D+000
  7.7918723086D-001  0.0000000000D+000  0.0000000000D+000  0.0000000000D+000
  1.1626358000D+001
 -5.1587381029D-001  2.0680595460D+000  0.0000000000D+000  0.0000000000D+000
  2.7162800000D+000
 -2.5502391857D-001  1.6100106206D+000  0.0000000000D+000  0.0000000000D+000
  7.7221800000D-001
  6.7273441626D-001  7.6448998766D-001  0.0000000000D+000  0.0000000000D+000
  2.1203130000D-001
  2.2269479901D-001  2.0508790938D-001  0.0000000000D+000  0.0000000000D+000
  8.0000000000D-001
  0.0000000000D+000  0.0000000000D+000  1.1138249281D+000  0.0000000000D+000
  3.0475249000D+003
  5.3633438234D-001  0.0000000000D+000  0.0000000000D+000  0.0000000000D+000
  4.5736951000D+002
  9.8945060758D-001  0.0000000000D+000  0.0000000000D+000  0.0000000000D+000
  1.0394869000D+002
  1.5972822308D+000  0.0000000000D+000  0.0000000000D+000  0.0000000000D+000
  2.9210155000D+001
  2.0791870615D+000  0.0000000000D+000  0.0000000000D+000  0.0000000000D+000
  9.2866630000D+000
  1.7741742532D+000  0.0000000000D+000  0.0000000000D+000  0.0000000000D+000
  3.1639270000D+000
  6.1257982601D-001  0.0000000000D+000  0.0000000000D+000  0.0000000000D+000
  7.8682724000D+000
 -3.9955635160D-001  1.2960827175D+000  0.0000000000D+000  0.0000000000D+000
  1.8812885000D+000
 -1.8415523929D-001  9.9375362822D-001  0.0000000000D+000  0.0000000000D+000
  5.4424930000D-001
  5.1639037938D-001  4.9595271376D-001  0.0000000000D+000  0.0000000000D+000
  1.6871440000D-001
  1.8761787212D-001  1.5412755095D-001  0.0000000000D+000  0.0000000000D+000
  8.0000000000D-001
  0.0000000000D+000  0.0000000000D+000  1.1138249281D+000  0.0000000000D+000
  3.0475249000D+003
  5.3633438234D-001  0.0000000000D+000  0.0000000000D+000  0.0000000000D+000
  4.5736951000D+002
  9.8945060758D-001  0.0000000000D+000  0.0000000000D+000  0.0000000000D+000
  1.0394869000D+002
  1.5972822308D+000  0.0000000000D+000  0.0000000000D+000  0.0000000000D+000
  2.9210155000D+001
  2.0791870615D+000  0.0000000000D+000  0.0000000000D+000  0.0000000000D+000
  9.2866630000D+000
  1.7741742532D+000  0.0000000000D+000  0.0000000000D+000  0.0000000000D+000
  3.1639270000D+000
  6.1257982601D-001  0.0000000000D+000  0.0000000000D+000  0.0000000000D+000
  7.8682724000D+000
 -3.9955635160D-001  1.2960827175D+000  0.0000000000D+000  0.0000000000D+000
  1.8812885000D+000
 -1.8415523929D-001  9.9375362822D-001  0.0000000000D+000  0.0000000000D+000
  5.4424930000D-001
  5.1639037938D-001  4.9595271376D-001  0.0000000000D+000  0.0000000000D+000
  1.6871440000D-001
  1.8761787212D-001  1.5412755095D-001  0.0000000000D+000  0.0000000000D+000
  8.0000000000D-001
  0.0000000000D+000  0.0000000000D+000  1.1138249281D+000  0.0000000000D+000
  3.0475249000D+003
  5.3633438234D-001  0.0000000000D+000  0.0000000000D+000  0.0000000000D+000
  4.5736951000D+002
  9.8945060758D-001  0.0000000000D+000  0.0000000000D+000  0.0000000000D+000
  1.0394869000D+002
  1.5972822308D+000  0.0000000000D+000  0.0000000000D+000  0.0000000000D+000
  2.9210155000D+001
  2.0791870615D+000  0.0000000000D+000  0.0000000000D+000  0.0000000000D+000
  9.2866630000D+000
  1.7741742532D+000  0.0000000000D+000  0.0000000000D+000  0.0000000000D+000
  3.1639270000D+000
  6.1257982601D-001  0.0000000000D+000  0.0000000000D+000  0.0000000000D+000
  7.8682724000D+000
 -3.9955635160D-001  1.2960827175D+000  0.0000000000D+000  0.0000000000D+000
  1.8812885000D+000
 -1.8415523929D-001  9.9375362822D-001  0.0000000000D+000  0.0000000000D+000
  5.4424930000D-001
  5.1639037938D-001  4.9595271376D-001  0.0000000000D+000  0.0000000000D+000
  1.6871440000D-001
  1.8761787212D-001  1.5412755095D-001  0.0000000000D+000  0.0000000000D+000
  8.0000000000D-001
  0.0000000000D+000  0.0000000000D+000  1.1138249281D+000  0.0000000000D+000
  1.8731137000D+001
  2.1493541833D-001  0.0000000000D+000  0.0000000000D+000  0.0000000000D+000
  2.8253937000D+000
  3.6457112721D-001  0.0000000000D+000  0.0000000000D+000  0.0000000000D+000
  6.4012170000D-001
  4.1505142766D-001  0.0000000000D+000  0.0000000000D+000  0.0000000000D+000
  1.6127780000D-001
  1.8138068393D-001  0.0000000000D+000  0.0000000000D+000  0.0000000000D+000
  3.0475249000D+003
  5.3633438234D-001  0.0000000000D+000  0.0000000000D+000  0.0000000000D+000
  4.5736951000D+002
  9.8945060758D-001  0.0000000000D+000  0.0000000000D+000  0.0000000000D+000
  1.0394869000D+002
  1.5972822308D+000  0.0000000000D+000  0.0000000000D+000  0.0000000000D+000
  2.9210155000D+001
  2.0791870615D+000  0.0000000000D+000  0.0000000000D+000  0.0000000000D+000
  9.2866630000D+000
  1.7741742532D+000  0.0000000000D+000  0.0000000000D+000  0.0000000000D+000
  3.1639270000D+000
  6.1257982601D-001  0.0000000000D+000  0.0000000000D+000  0.0000000000D+000
  7.8682724000D+000
 -3.9955635160D-001  1.2960827175D+000  0.0000000000D+000  0.0000000000D+000
  1.8812885000D+000
 -1.8415523929D-001  9.9375362822D-001  0.0000000000D+000  0.0000000000D+000
  5.4424930000D-001
  5.1639037938D-001  4.9595271376D-001  0.0000000000D+000  0.0000000000D+000
  1.6871440000D-001
  1.8761787212D-001  1.5412755095D-001  0.0000000000D+000  0.0000000000D+000
  8.0000000000D-001
  0.0000000000D+000  0.0000000000D+000  1.1138249281D+000  0.0000000000D+000
  1.8731137000D+001
  2.1493541833D-001  0.0000000000D+000  0.0000000000D+000  0.0000000000D+000
  2.8253937000D+000
  3.6457112721D-001  0.0000000000D+000  0.0000000000D+000  0.0000000000D+000
  6.4012170000D-001
  4.1505142766D-001  0.0000000000D+000  0.0000000000D+000  0.0000000000D+000
  1.6127780000D-001
  1.8138068393D-001  0.0000000000D+000  0.0000000000D+000  0.0000000000D+000
  1.8731137000D+001
  2.1493541833D-001  0.0000000000D+000  0.0000000000D+000  0.0000000000D+000
  2.8253937000D+000
  3.6457112721D-001  0.0000000000D+000  0.0000000000D+000  0.0000000000D+000
  6.4012170000D-001
  4.1505142766D-001  0.0000000000D+000  0.0000000000D+000  0.0000000000D+000
  1.6127780000D-001
  1.8138068393D-001  0.0000000000D+000  0.0000000000D+000  0.0000000000D+000
  1.8731137000D+001
  2.1493541833D-001  0.0000000000D+000  0.0000000000D+000  0.0000000000D+000
  2.8253937000D+000
  3.6457112721D-001  0.0000000000D+000  0.0000000000D+000  0.0000000000D+000
  6.4012170000D-001
  4.1505142766D-001  0.0000000000D+000  0.0000000000D+000  0.0000000000D+000
  1.6127780000D-001
  1.8138068393D-001  0.0000000000D+000  0.0000000000D+000  0.0000000000D+000
  1.8731137000D+001
  2.1493541833D-001  0.0000000000D+000  0.0000000000D+000  0.0000000000D+000
  2.8253937000D+000
  3.6457112721D-001  0.0000000000D+000  0.0000000000D+000  0.0000000000D+000
  6.4012170000D-001
  4.1505142766D-001  0.0000000000D+000  0.0000000000D+000  0.0000000000D+000
  1.6127780000D-001
  1.8138068393D-001  0.0000000000D+000  0.0000000000D+000  0.0000000000D+000
ENERGY
 -2.8535581481D+002   0.0000000000D+00
WAVEFUNC   6-31G(d)   QCHEM 
 -1.9232754876D+001 -1.4371226651D+001 -1.0254999748D+001 -1.0229834091D+001
 -1.0197071186D+001 -1.0196962964D+001 -1.1356288860D+000 -8.7077218696D-001
 -7.9095283003D-001 -7.2539870797D-001 -6.1683331086D-001 -5.6940486395D-001
 -5.2384387277D-001 -4.6659672492D-001 -4.5517848186D-001 -4.2054940018D-001
 -4.1928051230D-001 -3.9006103921D-001 -3.7702660559D-001 -2.9992873242D-001
 -2.8463283069D-001 -2.6117230766D-001 -1.0611161872D-002  6.1887389349D-002
  9.5372066826D-002  1.1888796137D-001  1.2131320434D-001  1.4505543499D-001
  1.7376682430D-001  1.8136123770D-001  2.0886742095D-001  2.4273786847D-001
  9.9274438385D-001  2.5738277196D-002 -7.4110987468D-004 -6.9020669831D-004
  0.0000000000D+000  1.3043105537D-002 -1.6837791841D-004 -6.6860976318D-004
  0.0000000000D+000 -8.1848867641D-003 -8.0853749238D-003 -8.1188856009D-003
  6.6171994141D-006  0.0000000000D+000  0.0000000000D+000  2.5175154163D-005
  1.9258190278D-004  3.5730641943D-004 -9.4819695133D-005  0.0000000000D+000
 -1.3034213545D-003 -7.9092516789D-004  1.0434195616D-006  0.0000000000D+000
  3.3960406778D-004  1.4393377307D-004  6.4183546582D-005 -5.3625541237D-006
  0.0000000000D+000  0.0000000000D+000  5.7139010132D-006  1.2313637686D-004
 -6.6558883711D-005 -1.9257398944D-005  0.0000000000D+000 -9.5758804494D-004
 -3.6013714763D-004  2.8757560757D-004  0.0000000000D+000 -9.7408119745D-005
 -1.1820582096D-004  5.6109979866D-006 -3.1399701992D-005  0.0000000000D+000
  0.0000000000D+000 -2.1349112708D-005 -2.5753750843D-005  3.1671074069D-006
 -8.7467299368D-005  0.0000000000D+000  1.1575303532D-003 -1.7537985153D-004
  1.3377139508D-003  0.0000000000D+000 -7.2557901842D-005 -8.6117443891D-005
 -5.4248048871D-005 -7.3976305018D-005  0.0000000000D+000  0.0000000000D+000
  1.4077050010D-005  4.2952592415D-004 -1.5029226838D-005  3.6532700536D-004
  0.0000000000D+000 -2.7560729778D-003  5.6226384645D-004 -1.8876834440D-003
  0.0000000000D+000  7.2579526737D-006  5.0884948320D-006  1.4663313893D-005
  7.7042788089D-005  0.0000000000D+000  0.0000000000D+000  1.0582484967D-004
  3.8805408628D-004  7.2180178086D-006  1.4140764003D-005  2.3915980984D-005
  1.6172398656D-005  0.0000000000D+000 -1.3640358566D-004 -5.8985677420D-005
 -1.7414876355D-004  0.0000000000D+000  3.2698684408D-005  1.6888571562D-005
  1.2207103729D-005 -1.5161580904D-005  0.0000000000D+000  0.0000000000D+000
  1.2957545964D-005  4.3822299266D-005 -3.2603854148D-006 -9.7668421132D-005
  1.2957545963D-005  4.3822299266D-005  5.6470936955D-005 -2.5368107227D-004
 -1.4788480763D-005  2.4045030749D-004 -2.2886625261D-004  5.8630648757D-005
  0.0000000000D+000 -2.5607777279D-004  2.1985462693D-004 -1.7110656410D-004
  0.0000000000D+000 -1.5999616399D-004  1.5364178050D-004  1.0056574994D-004
  2.7393877591D-005  0.0000000000D+000  0.0000000000D+000  9.9282437842D-001
  3.4342775187D-002  7.7048381709D-004 -1.6967295316D-003  0.0000000000D+000
  3.8646665831D-003 -5.5268586354D-004  2.8577176753D-004  0.0000000000D+000
 -7.8761761416D-003 -7.7837176706D-003 -8.0483029335D-003  1.3873162978D-004
  0.0000000000D+000  0.0000000000D+000  4.2377328987D-005  4.0792722645D-004
  3.1656995764D-005  6.0238864426D-005  0.0000000000D+000 -3.7825519189D-004
 -6.0231133592D-004 -7.2839139267D-004  0.0000000000D+000 -1.4582484857D-004
 -3.1011137932D-004 -1.6182597529D-005 -3.0453686962D-004  0.0000000000D+000
  0.0000000000D+000 -8.5427798405D-006 -3.0891232775D-005 -3.3908098267D-006
 -7.1730527878D-005  0.0000000000D+000 -1.1321708690D-004  2.9112632803D-004
  2.6836548637D-004  0.0000000000D+000 -1.3249599899D-005 -3.9205314096D-005
 -3.6739299955D-005  3.3353161152D-005  0.0000000000D+000  0.0000000000D+000
 -1.3920298690D-005 -7.5922131105D-005  4.1953883555D-005 -6.8227084646D-005
  0.0000000000D+000 -1.4546997434D-004 -2.0738724673D-004  6.8187894428D-005
  0.0000000000D+000  2.3076507356D-005 -7.3314830160D-005 -4.3180580895D-005
 -1.7041617840D-005  0.0000000000D+000  0.0000000000D+000  4.1061616785D-005
  1.6625155202D-004  1.4247049944D-005  1.0055442341D-004  7.0493595451D-006
  2.0826536712D-005  0.0000000000D+000 -4.7448966023D-004 -3.1655377317D-004
 -1.0465166504D-004  0.0000000000D+000 -2.1860995706D-005  1.4383573245D-005
  8.8322892673D-006 -4.4266295734D-005  0.0000000000D+000  0.0000000000D+000
  5.2242994960D-005 -2.0224302259D-005  4.8787909017D-006 -1.1026960345D-004
  5.2242994958D-005 -2.0224302233D-005  1.6307032778D-005  1.3764065802D-004
 -2.5525368740D-005  3.8942147513D-004 -2.8011326515D-005  1.6275834647D-005
  0.0000000000D+000 -1.1676400192D-003  9.0478926719D-005  1.7226289882D-003
  0.0000000000D+000  1.4112409194D-004 -6.7245117393D-004  4.7359931979D-004
  5.6503910243D-006  0.0000000000D+000  0.0000000000D+000 -2.9559841626D-005
 -1.6874081502D-004  8.3912087662D-005  8.0996066826D-006  0.0000000000D+000
  5.5447518643D-004 -4.2757411319D-004 -4.9693493327D-004  0.0000000000D+000
  3.4014342741D-006  2.9392953137D-005 -1.0203769147D-004 -8.4832016068D-005
  0.0000000000D+000  0.0000000000D+000 -1.1871614573D-004 -2.5138146390D-004
 -1.1675404255D-004 -7.8451991899D-005  0.0000000000D+000  6.4972531775D-004
  2.3568092633D-003 -1.1526250120D-003  0.0000000000D+000  5.3057339200D-005
  3.1678966761D-005 -7.0652311604D-005 -1.0309884208D-004  0.0000000000D+000
  0.0000000000D+000  6.0773720272D-003  2.3604585071D-005 -3.0985882227D-004
 -1.7719173903D-004  0.0000000000D+000  1.7440514074D-003  1.8513239102D-003
 -1.3226463608D-003  0.0000000000D+000 -2.9026650468D-004 -3.8595971619D-004
 -1.2001265895D-004 -2.6301479115D-005  0.0000000000D+000  0.0000000000D+000
  9.9272348663D-001  4.8983065297D-002 -2.2890143043D-004  1.2596671142D-003
  0.0000000000D+000 -9.3826364891D-003  7.8375211545D-004  1.3554546656D-003
  0.0000000000D+000 -9.1377550505D-003 -8.8602400526D-003 -9.7895003211D-003
 -8.3431360328D-005  0.0000000000D+000  0.0000000000D+000 -1.3890619404D-004
 -6.3181058419D-004 -2.4808945307D-005 -1.2764863897D-004  5.1963627116D-005
  3.0562709362D-006  0.0000000000D+000  1.5829276795D-003  7.7080373881D-004
  2.3251273529D-004  0.0000000000D+000  2.8009178902D-005 -2.6427663914D-005
 -1.7296248798D-005  1.9039134580D-005  0.0000000000D+000  0.0000000000D+000
 -4.9596268817D-005 -3.1039245073D-005 -5.1561486332D-005  1.5462106378D-004
 -4.9596268819D-005 -3.1039245066D-005 -5.1241092894D-004  1.8905194213D-003
  1.5493614406D-005  2.3571092887D-005 -7.0276804020D-005  3.4164538131D-006
  0.0000000000D+000 -1.4387812542D-004 -4.0110726120D-005 -5.4005813133D-005
  0.0000000000D+000  1.5076254458D-004  4.1843367105D-006  7.0659227764D-005
 -6.1531037799D-007  0.0000000000D+000  0.0000000000D+000 -1.8681330089D-004
  5.5311782315D-005  1.3293780788D-004  2.2975598441D-004  0.0000000000D+000
 -2.5477840967D-004  1.1946859398D-004  7.2589129780D-004  0.0000000000D+000
 -1.9389837250D-004 -4.1991857431D-004  1.5249451289D-004 -1.4534221627D-004
  0.0000000000D+000  0.0000000000D+000  9.9272955626D-001  4.9226707521D-002
  1.9744561526D-004  2.0625077512D-004  0.0000000000D+000 -1.2286184003D-002
  1.6335528025D-003  2.3993017815D-003  0.0000000000D+000 -9.0970469561D-003
 -9.0214137497D-003 -9.6500137344D-003  1.6756111311D-004  0.0000000000D+000
  0.0000000000D+000  6.4154153667D-003  4.5027862434D-005  1.9533068035D-004
 -2.6703039309D-004  0.0000000000D+000  3.3115963356D-003 -2.2933696704D-003
  2.2721048833D-004  0.0000000000D+000 -3.3551451114D-004 -5.0751692837D-004
 -1.9250910238D-004  9.7721523077D-005  0.0000000000D+000  0.0000000000D+000
  1.3533851754D-005 -1.6094303912D-004 -3.2099729079D-005 -1.1177187315D-005
  0.0000000000D+000  1.1636554444D-003 -7.1731822115D-004 -1.2488864075D-004
  0.0000000000D+000  8.3403923835D-005 -7.5134572981D-006 -6.2147431896D-005
  8.4181772735D-006  0.0000000000D+000  0.0000000000D+000 -1.7943644529D-004
 -5.9959283522D-004  3.7185054458D-003 -2.6329863012D-005 -3.1004033810D-004
  4.8859334641D-005  0.0000000000D+000  3.8154766856D-003  2.0491154456D-003
 -9.0488376773D-004  0.0000000000D+000 -5.5251815141D-004 -1.4020266165D-004
 -1.4031069661D-004 -8.4984436729D-005  0.0000000000D+000  0.0000000000D+000
 -1.5677426488D-004  4.6820559434D-004 -1.5923040570D-004 -3.6559894559D-004
 -1.5677426488D-004  4.6820559435D-004 -1.4451927950D-005  2.3054403204D-004
  7.2713935899D-005  2.8290330590D-004 -5.7192161521D-005 -6.2620333612D-005
  0.0000000000D+000 -1.8959286346D-003  7.8105600641D-005  7.5640352590D-004
  0.0000000000D+000  2.5292593291D-004  2.1612203749D-004  1.7970577890D-004
  1.6666272378D-005  0.0000000000D+000  0.0000000000D+000  5.0607152199D-005
  1.3226057651D-004  6.5943894667D-005 -4.8785238253D-005  0.0000000000D+000
 -1.8485594620D-003 -2.9991631438D-004  7.7079214530D-004  0.0000000000D+000
  1.4487273624D-004  1.6124171380D-004  8.9488815312D-005  8.3196514341D-006
  0.0000000000D+000  0.0000000000D+000 -6.6446522710D-003 -7.4742878780D-004
 -2.3887673745D-004  2.1847762328D-004  0.0000000000D+000  7.6015336812D-003
  3.8410904137D-003 -2.1957113609D-003  0.0000000000D+000 -2.7007422983D-004
 -2.8540601183D-004 -1.1015208957D-004  1.1311428408D-004  0.0000000000D+000
  0.0000000000D+000  9.9235227610D-001  5.0071584229D-002  1.5524424960D-004
  4.1418571858D-004  0.0000000000D+000 -1.9578277142D-002 -1.1788899101D-003
 -5.6404202172D-003  0.0000000000D+000 -9.3314362132D-003 -9.1892400853D-003
 -9.5848757054D-003  1.5455613639D-004  0.0000000000D+000  0.0000000000D+000
 -6.4797224148D-003 -8.2029930645D-004  3.3973541760D-004  1.3796810878D-004
  0.0000000000D+000  8.0835768783D-003 -3.8813086244D-003  2.3219286382D-004
  0.0000000000D+000 -3.0507933107D-004 -1.2381438863D-004 -8.9340017982D-005
 -4.7905172079D-005  0.0000000000D+000  0.0000000000D+000 -5.9134642363D-004
  5.6802616151D-004 -2.7889099510D-002 -1.4927604954D-003 -1.2554601028D-005
  1.3123041506D-005  0.0000000000D+000  1.3385148991D-003  3.7849753145D-004
  4.1666942674D-004  0.0000000000D+000  2.9830822171D-004  2.5689889185D-004
  2.1575729678D-004  5.0084453851D-005  0.0000000000D+000  0.0000000000D+000
 -6.6577495374D-006 -1.5385460804D-004 -1.0459607125D-005  1.0535256950D-004
 -6.6577495387D-006 -1.5385460804D-004  1.0770427894D-005  6.2063009066D-004
 -3.9304873444D-005 -1.7821305231D-004  3.2580280205D-005 -2.5934514380D-006
  0.0000000000D+000  7.6653279496D-004 -4.1869838873D-004  9.9488077868D-005
  0.0000000000D+000 -2.6390831241D-005 -1.2253038730D-004 -1.5476791502D-004
 -6.6228393730D-006  0.0000000000D+000  0.0000000000D+000 -3.6686667049D-005
 -1.6388631659D-004  6.2722486664D-005 -2.6001976846D-005  0.0000000000D+000
  9.3961946983D-004 -6.3776449176D-004 -4.4489896030D-004  0.0000000000D+000
 -1.1889982830D-004  4.7434877556D-005 -1.3546528949D-004  8.0575189327D-005
  0.0000000000D+000  0.0000000000D+000 -4.1536608799D-003 -4.0170479934D-004
  3.0792445673D-004 -5.3939291913D-006  0.0000000000D+000  4.5435520891D-003
 -3.9480097349D-003 -8.5121566566D-004  0.0000000000D+000 -4.7367592399D-004
 -1.8602097180D-004 -1.0402707889D-004 -3.1675916090D-005  0.0000000000D+000
  0.0000000000D+000  2.7841733880D-002  1.3681261889D-003  6.2909636524D-005
  4.7238275159D-005  0.0000000000D+000 -4.3153172842D-004  2.3863621110D-004
  1.5689087682D-004  0.0000000000D+000 -3.4715284517D-004 -1.7333059091D-004
 -3.1157629169D-004 -1.5158779844D-005  0.0000000000D+000  0.0000000000D+000
 -1.9505951951D-004 -1.1374142091D-004  1.4970474924D-005 -9.0717309339D-006
  0.0000000000D+000  4.0771598038D-004 -4.2237718622D-004  2.0994669507D-004
  0.0000000000D+000  1.1604415998D-005  1.3939031054D-006 -3.9330643535D-005
  1.1718554142D-005  0.0000000000D+000  0.0000000000D+000  1.2289827962D-005
  7.0891938785D-005  9.9252298794D-001  5.0207073572D-002  1.6545819253D-004
 -3.5418858780D-007  0.0000000000D+000 -1.8651286955D-002 -1.6986972497D-003
  1.0824780374D-004  0.0000000000D+000 -9.2190891857D-003 -9.1175396395D-003
 -9.1085779730D-003  2.7154949499D-005  0.0000000000D+000  0.0000000000D+000
  1.1495482385D-005  2.7438633912D-003  5.3903543431D-006  2.7752289200D-003
  1.1495482350D-005  2.7438633912D-003  1.9166952807D-005  1.8397160583D-004
 -1.8226007809D-001  4.0157675771D-001 -9.1668350062D-002 -7.9247360097D-002
  3.5123137829D-012  3.9324081342D-001 -5.3730231562D-002 -4.7850598160D-002
  0.0000000000D+000  1.1106604971D-002  3.7864873502D-003 -1.3414039595D-002
  7.0888783957D-004  0.0000000000D+000  0.0000000000D+000 -8.6554445308D-002
  1.7589247158D-001  8.1871072476D-002 -7.0303709132D-002 -3.7639531377D-012
  1.2703528131D-001  1.8913803607D-003 -2.7579195522D-002  0.0000000000D+000
  1.2396057372D-002  2.5378058557D-004 -1.1536454782D-002 -1.0669806545D-002
  0.0000000000D+000  0.0000000000D+000 -3.8700906068D-002  7.5501785850D-002
  4.7956556125D-002  3.1588264081D-002  0.0000000000D+000 -1.3838270548D-002
 -2.4745693382D-002 -8.4282290469D-003  0.0000000000D+000  3.3689450853D-003
  1.5708892053D-003 -5.2577383601D-003  5.7108657644D-003  0.0000000000D+000
  0.0000000000D+000 -2.6509903934D-002  4.4889174498D-002  1.6146117955D-002
  3.3669465173D-002  0.0000000000D+000  7.8830535623D-002  1.7865627756D-002
  4.6315046716D-002  0.0000000000D+000  1.6917820427D-003  2.9214757000D-003
 -4.1434526832D-003  2.5660148196D-003  0.0000000000D+000  0.0000000000D+000
 -7.0857095939D-002  1.3484557266D-001 -2.9884012799D-002  1.0230704255D-001
  0.0000000000D+000 -1.4947812405D-002  4.8077785759D-002 -2.1806070364D-002
  0.0000000000D+000 -6.3822949518D-003  1.7241093341D-002 -1.1223137604D-002
 -6.1694098270D-003  0.0000000000D+000  0.0000000000D+000  5.3442268307D-003
  1.2904416011D-002 -3.2575150430D-003  7.2153663086D-003  5.7654647016D-003
  1.5316246675D-003  0.0000000000D+000 -7.7309695324D-003 -4.3290704664D-003
 -6.6588317178D-005  0.0000000000D+000  1.5389458495D-003 -5.6107167544D-005
  3.9118714492D-005  4.5277039114D-004  0.0000000000D+000  0.0000000000D+000
  1.3928504525D-003  3.1362275732D-004  9.6936677762D-004 -9.9733897782D-004
  1.3928504524D-003  3.1362275730D-004  1.4533531540D-002 -2.0262548505D-002
  9.0358533918D-002 -2.0994812770D-001 -9.1147327656D-002  8.5708912277D-002
 -3.2892597841D-012 -2.3642143782D-001 -3.5237491332D-002  3.5344538552D-002
 -1.0568542766D-012  1.5688523954D-002 -8.6500983410D-003  3.4376540307D-008
  4.4674369900D-003  0.0000000000D+000  0.0000000000D+000 -1.2645163872D-001
  2.6648063680D-001 -8.1953113108D-002 -1.3064372324D-001 -6.1921944341D-012
  2.9302172559D-001 -2.5137697117D-002 -6.5272257432D-002 -1.1820908376D-012
 -1.0581275473D-002  7.3736854819D-003 -1.2064852861D-002  1.1024513362D-002
  0.0000000000D+000  0.0000000000D+000 -1.3988901145D-001  2.7808683677D-001
  5.6142132274D-002  8.9646096573D-002  0.0000000000D+000  1.2103334549D-001
 -3.1197374197D-002 -3.3834868503D-002  0.0000000000D+000  2.5298721659D-004
  4.1759169234D-003 -1.6702920091D-002  7.6054537822D-003  0.0000000000D+000
  0.0000000000D+000 -4.7849115718D-002  8.9845834700D-002 -4.1512421924D-002
  4.7861875954D-002  0.0000000000D+000  6.7576882900D-002  1.6731491574D-002
  1.6177741843D-002  0.0000000000D+000 -2.4819168422D-003  6.7335201183D-003
 -5.4992853908D-003 -6.5261998603D-003  0.0000000000D+000  0.0000000000D+000
  4.0308374854D-002 -7.9826157744D-002 -5.0014242991D-002 -9.1007102786D-002
  0.0000000000D+000 -6.0493054721D-002 -4.3834321016D-004  5.5990593177D-003
  0.0000000000D+000  1.0360291483D-002 -1.4059686095D-002  6.6635799092D-003
  5.3807880994D-005  0.0000000000D+000  0.0000000000D+000  1.7656801172D-002
  7.9403213436D-003 -5.4203842060D-002  1.0310319551D-001  4.7329184990D-002
  6.7725334516D-003  0.0000000000D+000  6.1892916620D-002 -9.5548213991D-004
  1.1544137633D-002  0.0000000000D+000  6.3573464460D-003 -1.7570023834D-003
 -1.4530658420D-003  1.6640072541D-003  0.0000000000D+000  0.0000000000D+000
  2.5800513392D-002  1.8412900734D-004  2.4285440121D-002  4.3042636895D-003
  2.5800513392D-002  1.8412900639D-004 -2.5564309125D-002 -3.4975254206D-003
  3.4002641472D-002 -8.2221802062D-002  1.0767475421D-001 -1.5423111177D-001
  0.0000000000D+000 -8.6402508056D-002  4.9050090405D-002 -6.9422114820D-002
  0.0000000000D+000 -1.6711836224D-002  1.5954501587D-002 -5.1406789958D-004
  6.9459746216D-003  0.0000000000D+000  0.0000000000D+000  8.6092895035D-002
 -1.8737431944D-001 -7.0863657873D-002  7.4048796259D-003  6.4246161610D-012
 -2.0535458384D-001 -5.5731697182D-003  1.6963798439D-002  1.0064054004D-012
 -8.5441838577D-003  1.1414706048D-002  6.7743112854D-003  2.1796597295D-003
  0.0000000000D+000  0.0000000000D+000 -4.5191952681D-002  8.8034129044D-002
  9.8992351153D-003 -1.2599875217D-001  1.4694711013D-012  8.5898278140D-002
  2.4891392741D-002  8.8972063406D-003  0.0000000000D+000  6.3152734173D-003
 -3.0658939086D-003 -4.1523269787D-003 -1.4848391127D-002  0.0000000000D+000
  0.0000000000D+000 -1.4248341535D-001  2.7818602223D-001  5.5888786549D-002
  5.7503143396D-002  0.0000000000D+000  1.8212763755D-001 -1.7743959079D-002
 -1.2312732238D-002  0.0000000000D+000  2.1505040796D-003  2.7874068903D-003
 -1.4326866494D-002  5.0172246196D-003  0.0000000000D+000  0.0000000000D+000
 -1.3146657384D-001  2.6482282960D-001 -7.9283710883D-002 -2.9849952480D-002
  1.7709510153D-012  1.9498079890D-001 -1.6622484186D-002 -2.0565596324D-002
  0.0000000000D+000  9.5097482288D-003 -5.6343208850D-003 -1.4504943101D-002
  4.2198564127D-003  0.0000000000D+000  0.0000000000D+000  6.8379900062D-002
  3.2190790050D-003 -3.2529139797D-002  6.1324594684D-002  1.6109476228D-002
 -1.3409699443D-002  0.0000000000D+000  6.4297319815D-002  5.2672457385D-003
 -8.6920476127D-003  0.0000000000D+000  8.6718074176D-004 -1.5484860971D-004
 -1.0565096959D-003 -2.3027947689D-003  0.0000000000D+000  0.0000000000D+000
  1.5504994972D-002  1.1345279147D-003  2.2166989739D-002  2.7093140799D-003
  1.5504994972D-002  1.1345279141D-003  6.7023266903D-002  1.1717646392D-002
 -4.4803565491D-002  1.0788913579D-001  8.2839549729D-002 -2.4206176594D-002
  2.1480661259D-012  1.2287063301D-001  4.2037346497D-002 -5.0628644754D-003
  0.0000000000D+000 -7.8655382892D-003  1.4867899874D-003  2.3405635958D-003
 -5.0298406613D-003  0.0000000000D+000  0.0000000000D+000  4.3766722209D-002
 -9.5391229849D-002 -1.5201535658D-002  4.8370727387D-002  3.2615108276D-012
 -1.0607519863D-001 -1.3164343968D-003  2.2149956363D-002  0.0000000000D+000
  6.2475745072D-003 -3.6663560316D-003  4.0495699939D-003  2.2656116220D-003
  0.0000000000D+000  0.0000000000D+000 -2.3518080881D-002  4.6450016404D-002
 -1.9188914381D-001 -1.9190821011D-002  0.0000000000D+000  4.2882159577D-002
 -3.0530501047D-002  9.3888545992D-003  0.0000000000D+000  8.7858475410D-003
 -7.9598836043D-003 -1.1496335989D-003 -1.4628132868D-003  0.0000000000D+000
  0.0000000000D+000  5.9377211467D-002 -1.1636294641D-001 -5.1514205387D-002
 -2.8742861328D-002  0.0000000000D+000 -9.2418937263D-002 -1.7946719766D-002
 -1.6721768604D-003  0.0000000000D+000  3.2590720543D-003 -3.1382316769D-003
  5.8880745413D-003 -3.3766933924D-003  0.0000000000D+000  0.0000000000D+000
  2.1766865100D-002 -4.4506633857D-002  7.9744271508D-002  7.9304973741D-002
  0.0000000000D+000 -2.2265643756D-002  6.6044589034D-003  1.0941774535D-002
  0.0000000000D+000 -8.7216309852D-003  1.0380080805D-002  7.9138381011D-004
  1.9960112567D-004  0.0000000000D+000  0.0000000000D+000 -2.7481384295D-002
 -3.6578345723D-003 -1.7670042980D-001  3.4140202526D-001  1.0252045171D-002
 -3.4087159549D-003 -1.3142979316D-012  3.2010971557D-001 -2.9234547597D-003
 -6.2268099417D-003 -2.6397198715D-012 -2.8651625625D-003  1.3787931481D-003
  5.9074036455D-004 -6.0035341230D-004  0.0000000000D+000  0.0000000000D+000
  1.1439428989D-001  2.6304815840D-002  1.1677474162D-001  2.6811803583D-002
  1.1439428989D-001  2.6304815836D-002 -1.3782637787D-003  3.0777651101D-003
 -4.0297987606D-002  9.4204242953D-002 -1.5777283945D-001  2.2947643925D-001
  1.3828543206D-012  1.4178121473D-001 -7.8511659953D-002  1.0646259720D-001
  0.0000000000D+000  7.2359574122D-003 -1.4200189446D-002 -8.4294197866D-004
 -1.6819849817D-003  0.0000000000D+000  0.0000000000D+000  3.5058905502D-002
 -7.6698884173D-002  2.3438787149D-001  9.8022576494D-002  0.0000000000D+000
 -1.0376506422D-001  6.9154394337D-002  3.7255102392D-002  0.0000000000D+000
  1.8902076149D-002 -9.5166891645D-003  1.5197709078D-004 -1.2946718258D-002
  0.0000000000D+000  0.0000000000D+000  2.3854590453D-002 -5.2432640189D-002
 -4.7844482156D-003 -2.3028130685D-001  0.0000000000D+000 -2.5225722461D-002
  2.6286419178D-002 -4.6044947500D-002  0.0000000000D+000  6.9246784391D-003
 -2.6831959853D-003  4.0264027348D-003 -9.6531425874D-003  0.0000000000D+000
  0.0000000000D+000 -9.9653259717D-002  2.0111960089D-001 -8.0716940223D-002
 -5.0076754579D-002  0.0000000000D+000  1.6999146336D-001 -3.3543988724D-002
 -4.5369616161D-002  0.0000000000D+000 -5.9889946057D-003  4.5465684995D-003
 -8.4564484187D-003 -4.1664068383D-005  0.0000000000D+000  0.0000000000D+000
  8.5843508396D-002 -1.8249123189D-001 -1.5679240800D-001 -7.5966242190D-002
  1.0271493699D-012 -1.4441604099D-001 -5.1814274156D-002 -6.0700393102D-003
  0.0000000000D+000  1.8710284586D-003 -3.3494625949D-003  9.6657455152D-003
  5.2995601507D-003  0.0000000000D+000  0.0000000000D+000  1.1310044760D-001
  3.8464088776D-002 -1.9794700838D-002  3.7799304476D-002 -2.9266642795D-002
 -5.2941609940D-002  0.0000000000D+000  5.5472432155D-002 -1.1449853355D-003
 -2.3330771420D-002  0.0000000000D+000 -2.8613723360D-003  3.0843016915D-003
 -3.6694380462D-004 -3.2879630192D-003  0.0000000000D+000  0.0000000000D+000
  8.5734544330D-003  3.8259454535D-003  4.2932553102D-002  2.0746995223D-002
  8.5734544331D-003  3.8259454534D-003 -1.2582167361D-001 -5.3015344142D-002
 -2.7505990435D-002  6.9279627199D-002  1.3844638225D-001 -1.6765977565D-001
  6.1740940179D-012  7.2970100817D-002  7.1730542736D-002 -7.0709891356D-002
  3.4403376313D-012 -1.1008849826D-002  3.6915202466D-003  1.6229184362D-003
  7.8738074759D-003  0.0000000000D+000  0.0000000000D+000  6.3336986968D-002
 -1.4438577275D-001 -9.8270801843D-002 -8.4179938061D-002  1.1003465176D-011
 -1.7520862325D-001 -2.7614237730D-002 -3.7714008711D-002  3.6581292070D-012
 -8.1157860093D-003  1.7739172540D-002  2.1015939833D-003  3.3598891955D-003
  0.0000000000D+000  0.0000000000D+000 -9.6666534720D-002  2.0852152880D-001
  3.2421650766D-002 -1.0799170744D-001  4.6994730019D-012  1.7775820065D-001
 -7.2740513109D-003 -2.2412881810D-002  1.4761855607D-012 -6.0281909593D-003
 -4.7517345691D-003 -7.2489741347D-003 -6.2662463949D-003  0.0000000000D+000
  0.0000000000D+000  9.0899490173D-003 -1.8789006070D-002 -2.1363491293D-001
  1.2807316681D-001  0.0000000000D+000 -9.2703255304D-003 -5.9193452131D-002
  4.1323753154D-002  0.0000000000D+000 -6.1433477055D-003  7.6519479496D-003
  5.6291091448D-005 -9.6082815875D-003  0.0000000000D+000  0.0000000000D+000
  7.7639188513D-002 -1.6262875916D-001 -4.7901560066D-002  2.5209980867D-001
  0.0000000000D+000 -1.6055508499D-001 -3.2334857768D-002  7.6102203308D-002
  0.0000000000D+000 -1.1765347359D-002  1.9672378072D-002  2.6221337421D-003
  1.4684074902D-003  0.0000000000D+000  0.0000000000D+000 -4.2165631662D-002
 -2.3421373596D-002  4.5641216042D-002 -9.1148426250D-002  1.2134830026D-001
 -2.9976958446D-002  2.1399924277D-012 -1.0855096942D-001  3.9035746506D-002
 -1.6915002900D-002  1.9132314177D-012  1.0277200147D-002 -4.0406679481D-003
 -6.1206331656D-003 -1.8486774074D-003  0.0000000000D+000  0.0000000000D+000
 -6.5193511245D-002 -3.1513303361D-002 -4.5843473094D-002 -2.3347284824D-002
 -6.5193511245D-002 -3.1513303359D-002 -1.4130714027D-001 -6.7182198480D-002
 -3.7857992263D-002  9.0159577398D-002  1.9538724759D-001  1.7133748824D-001
  0.0000000000D+000  1.1603045498D-001  1.2232897130D-001  1.0155226223D-001
  0.0000000000D+000 -4.5995282729D-003 -6.5036781148D-003  6.2500179212D-003
 -2.1329971340D-002  0.0000000000D+000  0.0000000000D+000 -2.1096593698D-002
  4.3550761086D-002 -7.9478918862D-002  7.2945835714D-002 -2.7712802068D-012
  1.0301471430D-001 -2.6470435783D-002  2.7409954926D-002  0.0000000000D+000
  1.7331315575D-003 -1.1374264640D-002  1.5320898196D-003  1.5259388612D-002
  0.0000000000D+000  0.0000000000D+000 -4.7460698873D-002  1.0341932681D-001
 -1.2913680053D-001 -3.4564261737D-003  0.0000000000D+000  9.7743142414D-002
 -6.4397982828D-002 -1.7233864260D-002  0.0000000000D+000 -1.6167816405D-002
  8.0386700792D-003 -2.4601224225D-003  9.3688603274D-004  0.0000000000D+000
  0.0000000000D+000 -2.3703900806D-002  4.5383893385D-002 -1.5943910769D-001
 -2.1982172857D-001  0.0000000000D+000  7.5298923227D-002 -3.7475196620D-002
 -6.8982602381D-002  0.0000000000D+000 -1.3450259234D-004  5.5777076745D-003
 -1.1627605153D-003 -7.0760180354D-003  0.0000000000D+000  0.0000000000D+000
  1.4928201533D-002 -3.6919030151D-002  2.7329282723D-001 -7.3359156936D-002
 -2.5056328747D-012 -4.9288240856D-004  7.4934946865D-002 -3.8880349134D-003
  0.0000000000D+000  2.3170062342D-003  1.9918829009D-003  2.2969238993D-003
  6.4955351340D-003  0.0000000000D+000  0.0000000000D+000  1.5305853486D-001
  9.8322345983D-002  3.5586402906D-002 -6.9835995581D-002  1.6173942233D-001
 -1.0360167993D-002  1.2302903427D-012 -1.0851008517D-001  5.9294488833D-002
  1.6866657726D-003  2.0396757434D-012  1.1094783578D-002 -4.7252443051D-003
 -6.4046817967D-003  3.2935981911D-004  0.0000000000D+000  0.0000000000D+000
 -6.4273829537D-002 -3.3053800499D-002 -5.3957712251D-002 -2.0048541839D-002
 -6.4273829537D-002 -3.3053800496D-002  1.2844405195D-001  9.2800599674D-002
 -1.3376950681D-012  3.6991904143D-012  0.0000000000D+000  7.0150368222D-012
  4.0100698577D-001  6.9625608859D-012  0.0000000000D+000  3.0885911402D-012
  2.4703138515D-001  0.0000000000D+000 -1.0146681450D-012  0.0000000000D+000
  0.0000000000D+000 -1.8776380193D-002 -1.7775318141D-002  0.0000000000D+000
 -2.4180472803D-012 -6.5473020557D-012 -6.2353911593D-012  2.3931279735D-001
 -3.2146593521D-012 -1.9265419116D-012  0.0000000000D+000  1.3018033692D-001
  1.0767215508D-012  0.0000000000D+000 -1.2947475303D-012  0.0000000000D+000
  1.1564612623D-002 -1.9886778773D-002  0.0000000000D+000 -1.3800938609D-012
 -2.4388795226D-012  1.2826293953D-011  1.8587438268D-001  3.4427741935D-012
  1.0180675318D-012  3.0960525674D-012  9.7515200591D-002  0.0000000000D+000
  0.0000000000D+000  0.0000000000D+000  0.0000000000D+000  7.6858871920D-003
  5.9645997656D-003  0.0000000000D+000  1.8243999554D-012  1.0290995349D-011
 -9.3148262976D-012  1.2986341294D-001 -3.5277456363D-012  3.2956352616D-012
 -5.0957699771D-012  5.7975539325D-002  0.0000000000D+000  0.0000000000D+000
  0.0000000000D+000  0.0000000000D+000  2.8479324407D-003  9.6023178867D-003
  0.0000000000D+000 -1.3082738298D-012 -7.6670293333D-012 -8.2968710982D-012
  1.9773107079D-001  0.0000000000D+000 -3.2384742135D-012 -3.0077636769D-012
  1.0346813950D-001  0.0000000000D+000  0.0000000000D+000  0.0000000000D+000
  0.0000000000D+000 -7.8179335740D-003  1.5528791883D-002  4.2411025347D-012
  2.4327201586D-012  0.0000000000D+000  0.0000000000D+000  0.0000000000D+000
  9.3960999701D-012  1.5336688915D-001 -1.3139810934D-012  0.0000000000D+000
  7.0404921388D-012  5.7803806857D-002  0.0000000000D+000  0.0000000000D+000
  0.0000000000D+000  0.0000000000D+000  1.2320054111D-004  6.2549903705D-003
  7.1646607304D-002  5.4710077317D-002 -5.2389029270D-012 -2.3939462238D-012
 -7.1646607298D-002 -5.4710077312D-002 -3.1125065390D-012 -2.0025242057D-012
  1.4787108065D-002 -3.4647494457D-002 -1.2097697804D-001  1.6303553301D-001
  8.5173266307D-012 -6.3440832593D-002 -6.3881593440D-002  8.5492196466D-002
  5.3800823533D-012  9.1004161951D-003 -3.3613679385D-003 -2.8154393514D-004
 -5.3270871790D-003  0.0000000000D+000  0.0000000000D+000  1.6560064149D-002
 -3.7684921217D-002  1.7214170654D-001  3.3656343117D-002  6.8920710478D-012
 -4.9758755881D-002  7.2781155988D-002  8.1524413211D-003  4.1470958917D-012
  7.7871532719D-003 -8.5571398589D-004 -1.3062501341D-003 -5.8226782724D-003
  0.0000000000D+000  0.0000000000D+000 -4.6861782392D-002  1.0230875757D-001
 -1.0656459567D-002 -2.1164648240D-001  7.8484843436D-012  1.1128009466D-001
  1.1631832746D-002 -6.6308990886D-002  2.8997094498D-012  6.3884041021D-003
 -1.2069105731D-002 -1.6856706143D-003 -6.5838611802D-004  0.0000000000D+000
  0.0000000000D+000  4.1766364344D-002 -8.1778611865D-002 -5.3716926491D-002
  2.6607556751D-001  1.7220679710D-012 -1.3275149400D-001 -3.5886639564D-002
  7.1105216356D-002  2.4146902479D-012  1.0750485608D-002 -1.4015545716D-002
  3.5467456993D-003 -1.5225842184D-002  0.0000000000D+000  0.0000000000D+000
 -3.4066718247D-002  6.7312100069D-002  1.4768897069D-001 -1.3693065588D-001
  4.7041294733D-012  1.1682371580D-001  2.8629802511D-002 -3.8359697375D-002
  2.7055327084D-012  2.1111423855D-002 -2.1604065443D-002 -6.4748673438D-004
 -1.4166164199D-002  0.0000000000D+000  0.0000000000D+000 -2.0045895456D-001
 -1.5783113494D-001  2.4892198005D-003 -5.8962618638D-003  8.9075866769D-002
 -1.8185214199D-001  8.3367225970D-012  8.4725489066D-003  4.0061704513D-002
 -8.8284012480D-002  4.7365877183D-012  5.1226820464D-003  3.3219956965D-003
 -9.3828468848D-003  7.0321426031D-004  0.0000000000D+000  0.0000000000D+000
 -7.1630855271D-002 -5.1178608984D-002  7.6235538762D-002  4.5689960530D-002
 -7.1630855277D-002 -5.1178608984D-002  1.6481012559D-001  1.3301569899D-001
 -3.1836921728D-002  6.6526800188D-002  5.3623827251D-002  2.0113101070D-001
  2.8585164979D-011  1.4968299505D-001  3.1975159030D-002  1.1333248596D-001
  1.8080296944D-011 -9.5443605747D-003 -5.0434673612D-003  5.6939431750D-004
 -3.7093623830D-003  0.0000000000D+000 -1.0961974869D-012  3.7019861616D-002
 -8.2677646664D-002  1.1967687691D-002  9.2898638295D-002  3.5217578217D-012
 -1.8166680084D-001  7.3086460405D-003  7.6258996704D-002  2.0719934935D-012
  1.5072242235D-002 -7.3265411852D-003  3.0963803366D-003  6.6119900062D-003
  1.4956534361D-012  0.0000000000D+000 -3.2593848053D-002  6.7759970156D-002
 -1.8483570536D-001 -1.1051589659D-002 -1.7587881802D-011  1.3849066011D-001
  1.3976314773D-002  2.9476778723D-002 -7.6865023548D-012  8.5008507325D-003
 -1.1054930900D-002 -6.4899543910D-004 -1.6677106355D-002  1.6631294458D-012
  0.0000000000D+000 -6.8085593754D-003  2.0310411226D-002  1.7924325416D-001
  1.4090774385D-001  0.0000000000D+000 -7.4090243871D-003  5.8978950381D-002
  2.7461410923D-003  0.0000000000D+000  9.1764834195D-003 -1.3687449811D-002
  6.8691837011D-004  5.2093673537D-004  1.0203977063D-012  0.0000000000D+000
 -1.2904752454D-002  2.8674321757D-002 -1.7743488889D-001 -1.3962971421D-001
  1.4208695891D-011  3.8896955772D-002 -4.2578362523D-002 -3.9087659442D-002
  7.6183015844D-012  2.1427351952D-003 -1.0964353755D-002  2.1288249866D-003
  8.2496287525D-003  0.0000000000D+000  1.0390797347D-012 -1.1707366319D-001
 -1.3014052692D-001 -3.3249399294D-003  6.4565556292D-003  2.1104871098D-001
  2.7868310698D-001 -6.7477059149D-011  5.7714375887D-002  1.0634666881D-001
  1.2321899893D-001 -3.2742181938D-011  9.2824091090D-003 -1.8097597982D-002
  4.9613214760D-003 -8.5214510190D-003  1.7222318767D-012 -2.3538622698D-012
  3.7432803004D-002  2.6380843436D-002 -2.1676938211D-001 -1.8775727951D-001
  3.7432803071D-002  2.6380843485D-002 -5.7005808819D-002 -5.6610570094D-002
 -4.6178456956D-012  9.4298832514D-012  6.8476617367D-012  2.6945861827D-011
 -2.4980939647D-001  1.9984582499D-011  4.5175159608D-012  1.5831064273D-011
 -1.6028997467D-001 -1.1887761043D-012  0.0000000000D+000  0.0000000000D+000
  0.0000000000D+000  7.8807734352D-003  1.0929614037D-002  5.5198460664D-012
 -1.2350903746D-011  3.8450585299D-012  1.6409813519D-011 -4.3176669591D-002
 -2.2601365538D-011  1.1047705566D-012  1.0853733151D-011 -2.6469986506D-002
  2.1900686732D-012 -1.4003901467D-012  0.0000000000D+000  0.0000000000D+000
 -1.0737870894D-002  2.3603127628D-003 -4.3612696052D-012  8.8401347881D-012
 -2.8668043776D-011 -3.2261356472D-012  9.1222874817D-002  2.0803473028D-011
  0.0000000000D+000 -1.8919922981D-012  3.5051155483D-002  1.2627669541D-012
 -1.7886860819D-012  0.0000000000D+000 -2.7533250012D-012 -1.3356441224D-002
  2.6054562639D-004 -1.3244883711D-012  3.9357201422D-012  2.5960270512D-011
  2.0464833257D-011 -1.7630358362D-002 -3.6822806764D-012  1.0161433237D-011
 -1.3694554782D-012 -3.2662071803D-003  1.2178704821D-012 -1.9358924377D-012
  0.0000000000D+000  0.0000000000D+000 -5.4265314803D-003 -7.6809576878D-004
 -2.0279061739D-012  4.4317894266D-012 -2.6886633192D-011 -1.7165586144D-011
 -1.1087647339D-001  6.6324095014D-012 -7.5796459563D-012 -3.6204322952D-012
 -6.6260929113D-002  0.0000000000D+000 -1.2737652574D-012  0.0000000000D+000
  1.2617153721D-012  1.8516778559D-003 -1.0171140942D-002 -1.6516180008D-011
 -1.9047672579D-011  0.0000000000D+000  0.0000000000D+000  3.1739096126D-011
  4.4140616619D-011  4.0477060019D-001  2.6379982669D-012  1.6153736311D-011
  2.7336506320D-011  2.0248426163D-001  1.6139118801D-012 -1.7931626385D-012
  0.0000000000D+000 -1.2576975875D-012 -1.0349570368D-002  1.8172691774D-002
  2.0649056624D-001  1.5777972809D-001 -3.4252970940D-011 -2.6017819713D-011
 -2.0649056622D-001 -1.5777972808D-001 -9.6808525553D-012 -9.0964722768D-012
 -7.5816770189D-003  1.4873978115D-002  1.0802660648D-001  1.3190188426D-001
  1.9121437406D-012  8.9257610826D-003  7.1157190080D-002  8.0433420368D-002
  1.1853138149D-012  3.2694173807D-003 -7.2976101680D-003  1.1830539729D-003
 -6.1410725843D-003  0.0000000000D+000  0.0000000000D+000  1.4437533360D-002
 -3.2273009782D-002  1.3758135238D-002 -8.4817091372D-002  5.4188223612D-012
 -3.5338585480D-002  2.2950148543D-002 -4.6649815631D-002  2.5511257235D-012
 -9.3411743108D-003  1.2303196161D-002 -5.8036143739D-004  1.0205490326D-003
  0.0000000000D+000  0.0000000000D+000 -1.0956607865D-002  2.4519836461D-002
  3.1559242535D-001 -1.0532623234D-001  0.0000000000D+000  5.1701342296D-002
  3.3526344975D-002 -3.8411196611D-002  0.0000000000D+000 -7.1244010767D-003
  4.7148688110D-003  4.0908467953D-005 -1.0269191760D-002  0.0000000000D+000
  0.0000000000D+000 -1.9503779262D-002  4.1965546041D-002 -2.2344305950D-001
  1.2224911991D-001 -3.5274899860D-012  9.2691239771D-002 -5.0440267684D-002
  5.9997774622D-002 -1.5105531960D-012 -8.3949619795D-003  6.6194616577D-003
 -9.5953690781D-004 -1.2253172484D-002  0.0000000000D+000  0.0000000000D+000
  2.6228887412D-002 -6.7151583069D-002  1.9290724502D-001 -2.0668364301D-002
 -3.3970746827D-012 -8.0981414672D-002  5.8313547085D-002  3.8504048901D-002
 -1.0524218566D-012  1.6072570351D-002 -7.4271421817D-003  1.4160845692D-003
 -4.9764773394D-003  0.0000000000D+000  0.0000000000D+000 -2.0513044283D-002
 -2.0201053207D-002  9.6955556594D-003 -1.8200967682D-002 -2.6653740097D-001
  2.4072939447D-001 -4.2189565749D-012 -8.9770802901D-002 -1.5812902175D-001
  1.0899935690D-001 -4.4491989325D-012 -9.6479486558D-003 -2.4204176085D-003
  1.7387726788D-002 -1.1133694965D-002  0.0000000000D+000  0.0000000000D+000
  1.3157533062D-001  1.1331237169D-001 -9.9733600013D-002 -8.6307302179D-002
  1.3157533063D-001  1.1331237168D-001  1.0211802680D-001  1.1995109074D-001
 -4.2636833745D-002  8.3663244885D-002  3.9660169721D-001  2.4846338280D-001
 -2.0447750654D-012  1.7401859178D-001  2.5491461303D-001  1.5957588263D-001
 -1.8608610121D-012 -1.7109397198D-002 -8.1979690743D-003  3.2207265474D-003
 -1.1057756813D-002  0.0000000000D+000  0.0000000000D+000 -1.6456687944D-002
  3.3108835741D-002 -2.2142827099D-001  2.7268174159D-002 -3.0825690926D-012
  6.2807455164D-002 -7.5697509724D-002  3.4535197238D-002 -1.7374088969D-012
 -1.2885410586D-002 -1.4608904773D-003  3.0208635985D-003  2.1257475988D-002
  0.0000000000D+000  0.0000000000D+000  2.4205434544D-003 -5.9429030917D-003
  1.4255287476D-001  8.3269790227D-002 -1.6998558339D-012  2.8142987742D-002
  1.5303331809D-002  4.7074108966D-002 -1.3063102034D-012 -6.1524797030D-003
  9.5408413303D-003 -1.1667752070D-003  2.4226690489D-003  0.0000000000D+000
  0.0000000000D+000 -2.3837850482D-002  5.2759166599D-002  1.4604864740D-001
  1.2437778771D-001 -1.7317713307D-012  9.8868524405D-002  6.9535971798D-002
  2.7924307562D-002  0.0000000000D+000  1.1830613939D-003 -4.7046583675D-003
 -7.8987569801D-004  7.0516724347D-004  0.0000000000D+000  0.0000000000D+000
  8.4707582664D-003 -2.4282346878D-002 -1.4931921143D-001 -1.1319564853D-001
  0.0000000000D+000 -2.1284038436D-002 -2.4912154551D-002  8.9164878991D-003
  0.0000000000D+000  9.1547300499D-004 -6.0409157981D-003  2.4620063089D-003
  2.1393744357D-002  0.0000000000D+000  0.0000000000D+000 -7.8615268166D-002
 -8.5677744115D-002  7.7052250128D-003 -1.4848570566D-002 -1.3960369403D-001
 -1.8325856706D-001  4.5149338248D-012 -6.0343460345D-002 -8.2031544243D-002
 -8.2004788716D-002  2.3085518070D-012 -5.7751855702D-003  1.1985104472D-002
 -4.0482749184D-003  9.1736695462D-003  0.0000000000D+000  0.0000000000D+000
 -3.2648860249D-002 -2.5930819333D-002  1.4575591524D-001  1.3612384815D-001
 -3.2648860252D-002 -2.5930819333D-002 -8.8147379279D-002 -7.7721022021D-002
  3.9648015788D-002 -8.4258198509D-002  6.8859472874D-002 -1.6002643681D-001
  5.0606209852D-011 -2.2694190501D-001  4.6388793282D-002 -6.8384633716D-002
  3.5011370135D-011 -4.1944648760D-003  1.9024389202D-002  4.0774061788D-003
 -1.4090058288D-002  1.2347430495D-012 -3.2232427903D-012 -9.7410703576D-002
  1.9680567966D-001 -4.5407428266D-002  5.0000963522D-001 -6.6081733356D-011
  4.5686880028D-001 -3.5176170680D-002  2.9102309808D-001 -3.6972463052D-011
 -1.1050340235D-002 -3.3142433111D-002  4.0010592315D-003  1.6193433260D-003
  1.9620882530D-012  0.0000000000D+000  3.5162964889D-002 -9.3282596485D-002
 -3.8245000273D-002 -2.2926082453D-001 -4.1808643443D-011 -1.0806849187D-001
 -2.9151235440D-002 -3.3455362687D-002 -2.8134350724D-011 -8.5436309799D-003
  1.5218353397D-002  3.9930253113D-003 -1.3398402223D-002 -2.1088520838D-012
 -2.8673394822D-012 -2.2578690902D-002  5.2696563235D-002 -1.0402227127D-001
  1.1891999643D-001 -3.7791460131D-012  1.0193046891D-001 -1.0275437523D-001
  3.5346232054D-002 -2.2146589749D-012  1.7626456718D-003 -6.3466888522D-003
  4.1843835919D-005 -8.1200230059D-004  1.8424564376D-012  0.0000000000D+000
 -2.1274456289D-002  5.5379720536D-002 -2.0248309418D-002  1.5015054474D-001
  3.3818402708D-011  1.2467275880D-001 -1.9439110632D-002  7.4367704959D-002
  2.3742524830D-011 -2.1309784651D-003  1.8805874803D-003 -1.9363899618D-003
  2.9488249731D-003  0.0000000000D+000  2.3043063848D-012 -4.5754960033D-002
 -7.9711282523D-002  8.2780663202D-003 -1.8882825848D-002 -4.2460561753D-002
  2.7750813170D-002  1.8373213940D-011 -5.3167295502D-002 -7.5603767083D-003
  1.9836059989D-002  1.0578005101D-011 -2.0134833264D-003  9.8621569912D-004
  1.7295642121D-003 -6.2616925663D-003 -2.1406785139D-012  0.0000000000D+000
  1.6701415905D-002  4.0159424843D-002 -2.2276750012D-002 -1.0478544783D-002
  1.6701415879D-002  4.0159424818D-002 -2.8882830765D-002 -4.3639375616D-002
 -4.1977242126D-012  9.9568233271D-012 -8.3078723358D-012  1.6768519004D-011
  3.8587590091D-001  2.5421564086D-011 -5.9046223052D-012  6.3523591792D-012
  2.7636993187D-001  0.0000000000D+000 -2.6644083562D-012  0.0000000000D+000
  1.7528962105D-012 -9.3388728159D-005 -1.2573675466D-002  1.1923643434D-011
 -2.2602687139D-011  6.3592159448D-012 -5.9146843904D-011 -2.0246149671D-001
 -5.2262849848D-011  3.5255974454D-012 -3.8223520126D-011 -1.2162012512D-001
  0.0000000000D+000  3.3414011569D-012  0.0000000000D+000  0.0000000000D+000
  1.5879445097D-002  1.7644887033D-002 -4.1646681437D-012  1.0832653021D-011
  2.7870917772D-012  2.6518162797D-011 -3.4063049623D-001  7.4662546252D-012
  1.1557710623D-012  0.0000000000D+000 -2.2129543077D-001  1.4079789714D-012
 -1.7301380107D-012  0.0000000000D+000  1.6334583316D-012 -1.6289132092D-002
 -1.0556386630D-003  2.4095491078D-012 -6.6880979413D-012  1.1104219300D-011
 -1.1395528768D-011 -2.7017107925D-001 -8.3590863165D-012  1.4166331691D-011
 -1.9653896117D-012 -1.9740828095D-001  0.0000000000D+000  0.0000000000D+000
  0.0000000000D+000  0.0000000000D+000  5.6115409958D-003 -1.0969976114D-002
  2.7196345443D-012 -7.0342359100D-012  3.0892727842D-012 -1.8489432726D-011
  5.8158356952D-003 -1.9330023277D-011  3.5988624794D-012 -9.5437418672D-012
  2.2173570965D-002  0.0000000000D+000  0.0000000000D+000  0.0000000000D+000
  0.0000000000D+000  1.1940854823D-002  2.0057010897D-002  4.9995166907D-012
  1.0212071232D-011 -1.0994386261D-012  2.5937902381D-012  7.8099184549D-012
 -3.6023838296D-012  1.3174640067D-001  4.7191976826D-012  2.7053970123D-012
  0.0000000000D+000  6.3857997197D-002  0.0000000000D+000  0.0000000000D+000
  0.0000000000D+000  0.0000000000D+000 -1.7256196237D-002  7.9110704535D-003
  9.4956038705D-002  1.0308466989D-001  2.2438243974D-012  2.0323796257D-012
 -9.4956038709D-002 -1.0308466990D-001  4.1325954002D-012  6.1270415383D-012
  3.4319948488D-012 -7.2728675862D-012  0.0000000000D+000 -1.2152096371D-011
  6.5151923880D-002 -1.9457426415D-011  0.0000000000D+000 -5.1225612006D-012
  6.1788296098D-002  0.0000000000D+000  1.4511007750D-012  0.0000000000D+000
 -1.1311046317D-012 -1.6149155726D-002  1.3293277808D-002 -9.5522218350D-012
  1.5527556674D-011 -7.8171545856D-012  4.5369621295D-011  3.9381209703D-001
  4.0791001909D-011 -3.9138452563D-012  3.3058538117D-011  2.7545555181D-001
  0.0000000000D+000 -2.0799791796D-012 -1.6389280687D-012  0.0000000000D+000
  3.0902769901D-003 -1.8995881089D-002  3.7026351560D-012 -1.0069873091D-011
 -5.4050291424D-012 -1.6056922079D-011  1.0009765304D-001 -7.3388302289D-012
  0.0000000000D+000  3.6763735338D-012  8.8266719452D-002 -1.1103673590D-012
  1.2790823482D-012  0.0000000000D+000 -1.0677043281D-012  2.3597171202D-003
  2.5625858158D-002 -2.2751440811D-012  3.8646265756D-012 -5.1392342348D-012
  1.0266365073D-011 -3.0718245908D-001  1.5159034054D-011 -7.4127640331D-012
  1.5069069490D-012 -2.3038825130D-001  0.0000000000D+000  0.0000000000D+000
  0.0000000000D+000  0.0000000000D+000 -1.4719015408D-002 -3.9702817864D-003
 -2.2635483441D-012  5.1975658848D-012 -1.4220333051D-012  1.2264158466D-011
 -3.6013520927D-001  1.1003337859D-011 -1.2150824552D-012  6.7100750044D-012
 -2.4237786618D-001  0.0000000000D+000  0.0000000000D+000  0.0000000000D+000
  0.0000000000D+000  9.8895280605D-003  7.1620176333D-003 -3.4860282530D-012
 -7.2438458490D-012  0.0000000000D+000 -2.0661960964D-012 -3.6891770249D-012
  0.0000000000D+000 -3.8471279945D-002 -4.1923278534D-012  0.0000000000D+000
  0.0000000000D+000 -4.6693402997D-002  0.0000000000D+000  0.0000000000D+000
  0.0000000000D+000  0.0000000000D+000  5.4322202831D-003 -5.8428934915D-004
 -2.6299271067D-002 -9.6722108056D-003  0.0000000000D+000  1.3987252118D-012
  2.6299271068D-002  9.6722108110D-003 -2.4042940962D-012 -4.9344988244D-012
  0.0000000000D+000  0.0000000000D+000 -6.6426252020D-012  1.0612178880D-012
 -3.2764850044D-001  4.8381622305D-012 -5.9520662195D-012  2.4242564211D-012
 -3.2607256189D-001  0.0000000000D+000  0.0000000000D+000  0.0000000000D+000
  0.0000000000D+000 -2.7836330773D-003  1.1666170117D-003  0.0000000000D+000
 -4.4713855090D-012 -7.9748288381D-012  4.7455352257D-012  3.6872570059D-001
 -3.9624391457D-012 -5.7454855220D-012  1.2636059748D-011  3.7252734172D-001
  1.7629362527D-012  0.0000000000D+000 -2.0834491309D-012  0.0000000000D+000
 -3.5444304180D-003 -4.1444624161D-003  0.0000000000D+000 -2.4452951945D-012
 -1.3107091524D-012  1.5741325317D-012 -2.6630856183D-001 -2.3422016735D-012
  4.1629307634D-012  8.9126478213D-012 -2.5493891678D-001  0.0000000000D+000
  0.0000000000D+000  0.0000000000D+000  0.0000000000D+000  6.8295215972D-003
  2.8486636710D-002  0.0000000000D+000  0.0000000000D+000 -5.4174862075D-012
  2.7305568234D-012 -1.4529991398D-001 -5.7374781959D-012 -1.3293599675D-011
  1.0530014868D-012 -2.2416653852D-001  0.0000000000D+000  0.0000000000D+000
  0.0000000000D+000  0.0000000000D+000  2.9632754246D-002 -3.1746536725D-003
  0.0000000000D+000  0.0000000000D+000 -2.2414141867D-012  1.7857326682D-012
  3.8063937719D-001  1.0277949059D-011 -7.7376559891D-012  0.0000000000D+000
  4.6235412378D-001  0.0000000000D+000  0.0000000000D+000  0.0000000000D+000
  0.0000000000D+000  9.2430626691D-003 -1.4267752865D-002  0.0000000000D+000
  3.2431645295D-012  1.4433189110D-012 -2.8077878532D-012  0.0000000000D+000
 -1.1973198629D-012 -1.2215802436D-002 -1.5381883082D-011  6.4953842781D-012
  1.5791333089D-012 -1.5345612021D-001  0.0000000000D+000  0.0000000000D+000
  0.0000000000D+000  0.0000000000D+000 -1.6650581094D-002  7.8806333634D-003
  5.4808004105D-002  2.3546889526D-001  1.6222672961D-012  1.2028328276D-011
 -5.4808004107D-002 -2.3546889525D-001  1.2960474384D-012  7.0497657375D-012
 -1.8457748903D-012  4.2149972234D-012 -1.2187924425D-011  3.1879948977D-012
  5.9637785351D-002  1.5712555248D-011 -1.3469702231D-011  3.5518776123D-012
  7.6313562199D-002  0.0000000000D+000  0.0000000000D+000  0.0000000000D+000
  0.0000000000D+000 -1.5084136364D-002  1.6009896563D-002  1.5812243905D-012
 -6.9701977103D-012 -1.3842116630D-011  3.0823432928D-012  2.0617190243D-001
 -1.6166009421D-011 -1.5343008825D-011  1.1438532728D-011  2.6778106972D-001
  1.7659622152D-012  0.0000000000D+000 -1.3775305402D-012  0.0000000000D+000
  1.7575598317D-002  7.1772915141D-003  0.0000000000D+000 -1.9607705550D-012
 -1.7159659475D-012  1.8975083435D-012 -3.9193848331D-001  1.7575924288D-012
  4.4349909745D-012  7.0402525897D-012 -5.0144455440D-001  0.0000000000D+000
  1.3492713168D-012  0.0000000000D+000  0.0000000000D+000  1.7767557761D-002
 -6.4066463119D-003 -1.0801888949D-012  5.0667096791D-012 -3.1067944108D-012
 -1.5581143904D-012  4.0346600085D-001 -5.2093750617D-012 -2.1578529892D-011
 -8.8620129309D-012  6.3455895798D-001  0.0000000000D+000  0.0000000000D+000
  0.0000000000D+000  0.0000000000D+000  8.8799593621D-004 -2.1044976922D-002
  0.0000000000D+000  0.0000000000D+000  0.0000000000D+000  0.0000000000D+000
 -2.7819848709D-001  1.7610116787D-011 -1.4684857097D-011 -4.9774019672D-012
 -4.2557132018D-001  0.0000000000D+000  0.0000000000D+000  0.0000000000D+000
  0.0000000000D+000 -2.3306736580D-002 -1.1976478169D-002 -2.5028186637D-012
 -1.8880839632D-011  3.9388322948D-012 -6.1518739015D-012  1.8951459833D-012
 -1.5629627195D-012 -6.0248623721D-002 -5.1524466192D-011  1.2548810148D-011
  3.1856574687D-012 -1.9591174017D-001  0.0000000000D+000  0.0000000000D+000
  0.0000000000D+000  0.0000000000D+000 -2.7995426447D-002  6.9638995537D-003
  7.9787104414D-002  3.6023760040D-001  2.7688235172D-012  2.9924152152D-011
 -7.9787104415D-002 -3.6023760035D-001  2.2622041029D-012  6.6613688029D-012
 -6.1182730501D-002  1.2039243594D-001 -2.5956657634D-001  5.4649422227D-002
  2.7636405898D-012  6.0907068796D-001 -2.7916434751D-001  2.5400551223D-003
  1.6585451152D-012 -2.8950010142D-002 -6.8856062090D-003 -9.2427150668D-003
  2.0146653881D-002  0.0000000000D+000  0.0000000000D+000  6.0938588679D-002
 -1.5471743786D-001 -2.9885084433D-001  9.3616408496D-002 -1.3027575888D-011
 -4.5136433100D-001 -3.7729872374D-001  1.5562398238D-001 -2.2310011152D-011
  3.0961887724D-002 -1.2866870428D-002 -4.5517756648D-003  1.8118909827D-003
  1.4456995230D-012  0.0000000000D+000  1.1045921545D-003 -1.4393189527D-002
 -4.0291795828D-002  6.4565919345D-002  1.6939870306D-011 -6.9794301026D-002
 -2.0194341484D-001  1.6834680780D-001  2.3158327563D-011 -1.8312021807D-002
  1.4579124028D-002  8.0401441711D-006 -2.3186657649D-002  0.0000000000D+000
  0.0000000000D+000  8.3046938520D-003 -5.2801871560D-003 -6.2621439729D-002
  1.1947651737D-001 -1.0033045433D-011 -3.5517921273D-001 -3.3458771699D-001
  2.8569557765D-001 -1.5205222631D-011  1.3779127448D-003 -2.4796972324D-003
  1.1935251447D-003  6.7386315035D-003  0.0000000000D+000  0.0000000000D+000
  2.2996850874D-002 -4.4754585283D-002 -1.2538195365D-001 -2.5967530090D-002
  3.8078606548D-012 -2.4007872184D-001 -4.9307793463D-001 -2.0619677289D-001
  5.6638181196D-012  5.8986144177D-003 -3.6640307449D-003 -1.8339932155D-003
 -2.1721890455D-002  0.0000000000D+000  0.0000000000D+000 -1.7492975545D-002
  3.7765232878D-001  9.4667893868D-002 -1.3665316152D-001  2.5426226242D-002
  9.4075117379D-002  0.0000000000D+000 -1.4118491685D+000  1.9298419676D-001
  3.5173560762D-001  1.9208950882D-012  4.1079361849D-003  1.3991460268D-002
 -7.6231019015D-004  1.0120122050D-002  1.2677305480D-012  0.0000000000D+000
 -1.3808210555D-002  3.8155807463D-001  7.0705257376D-002  1.1135827780D+000
 -1.3808210547D-002  3.8155807465D-001  8.3416254032D-002  7.0004698986D-001
  2.5355310009D-002 -5.6960741316D-002  6.6357238885D-002  5.2635462809D-002
  0.0000000000D+000 -2.9167904530D-001  1.3686185447D-001  9.8548619993D-002
  1.0700222623D-012  9.7482679819D-004  4.8072543942D-003  5.1469304733D-004
  4.0745448779D-003  0.0000000000D+000  0.0000000000D+000 -1.5270731182D-003
 -1.6388209909D-002  5.9737234758D-002  6.1771972667D-002  6.3262038239D-012
  1.7175866029D-001  7.1772779457D-002  3.2777527682D-003  9.9274173919D-012
 -3.7578046646D-003  7.3757726617D-003 -5.5390430184D-003  5.9767349839D-004
  0.0000000000D+000  0.0000000000D+000  2.2380965446D-002 -8.5997850313D-004
  7.8946258576D-002  4.8108834226D-002 -1.0946049373D-011 -4.5505988431D-001
  2.5094679236D-002 -8.4858125231D-002 -1.9832368081D-011  2.9541312288D-002
 -1.5268881927D-002 -2.1226825285D-003 -1.5986802384D-002  0.0000000000D+000
  0.0000000000D+000  1.8681133610D-002 -1.2183172231D-002  6.3875484911D-002
  2.1260370514D-001  7.0380059988D-012 -4.1133037457D-001  3.4940517141D-001
  5.3457089340D-001  1.6268976255D-011 -1.7845886356D-002  2.4257937594D-002
 -1.5747375925D-003  1.5056808438D-002  0.0000000000D+000  0.0000000000D+000
  4.7152866999D-002 -7.4551621405D-002 -1.9283078768D-001  1.7901030962D-001
 -4.6881889683D-012 -9.6706802497D-001 -3.7626917901D-001  4.6955165151D-001
 -7.9320848242D-012  2.0952710124D-002 -1.2583382741D-002  8.4819096658D-004
 -6.0883722938D-003  0.0000000000D+000  0.0000000000D+000  9.1448731803D-002
  1.0592558630D+000 -8.8154590251D-002  1.3499263678D-001  1.6161863826D-002
  9.4670161637D-002  6.7797301848D-012  1.2145400398D+000 -2.6607561792D-002
  3.6801405599D-001  2.9840542288D-011 -1.0787123815D-002 -8.3297852337D-004
 -6.0062480554D-003  8.1323774755D-003  0.0000000000D+000  0.0000000000D+000
 -2.8363434259D-002 -7.3998107592D-001  2.5436756426D-002 -4.7260744353D-002
 -2.8363434261D-002 -7.3998107586D-001  6.2085038291D-002  1.2018951547D+000
  6.0142424565D-002 -1.4037800703D-001  1.8929803199D-001  6.9776392307D-002
  1.5338436198D-012 -5.3822110709D-001  2.2447700541D-001  9.5854651086D-002
  2.6400130446D-012  1.3447576673D-002  8.9313993165D-003  4.5197108182D-003
 -1.1717129190D-002  0.0000000000D+000  0.0000000000D+000 -2.5934536153D-002
  3.8472349470D-002  2.6470289029D-001 -4.9885699958D-002 -4.3500225977D-012
  3.2746769029D-001  3.3779871705D-001 -9.5535622761D-002 -1.2958656241D-012
 -2.7375953433D-002  6.0461239528D-003 -1.0396265325D-003 -1.1753739914D-003
 -1.7021790606D-012  0.0000000000D+000 -2.8511689030D-003 -1.8529109248D-002
  6.3186270763D-002 -1.6301725365D-002  4.1862619009D-012 -2.3716858596D-001
 -1.0916400802D-001 -1.6967086024D-002  1.4069125084D-011  1.1779102527D-002
 -2.9835604217D-002  4.7549605994D-003  1.5692945910D-002  0.0000000000D+000
  0.0000000000D+000  6.5868001920D-002 -1.5927384911D-001  1.1461990235D-001
  1.2757162645D-001  0.0000000000D+000 -5.0803721229D-001  2.4967368061D-001
  7.9512705142D-001 -3.8551049568D-012  1.9794289167D-004  7.8812901751D-003
 -3.1105246952D-003  5.3088314394D-003  0.0000000000D+000  0.0000000000D+000
 -5.1639979980D-002  9.4901083282D-002  2.8508477797D-002  6.3847003466D-002
 -1.6698649160D-012  3.5292994677D-001  4.5107266437D-001  9.0850970042D-002
  0.0000000000D+000  2.3393219079D-003 -1.8977581187D-002  3.0154170199D-003
  8.8271895196D-003  0.0000000000D+000  0.0000000000D+000  5.7325305420D-002
  1.3070690750D+000  6.3212074464D-002 -5.3148278144D-002  1.9440862492D-001
  1.6968554968D-002 -1.3314017353D-011 -1.2634794631D+000  4.8153693622D-001
 -1.0318053309D-001 -4.8364745977D-011 -8.7453531790D-004  3.8656738482D-003
  1.5093930715D-002 -7.5563107446D-003  0.0000000000D+000  0.0000000000D+000
  4.2455009900D-002  7.1526620240D-001 -2.1544985346D-002  5.6491919880D-001
  4.2455009896D-002  7.1526620230D-001 -5.8999125447D-002 -6.3363872076D-001
 -1.0467505115D-002  1.8423030957D-002  8.7899987532D-002 -1.2881235465D-001
  0.0000000000D+000  9.1354495965D-002  1.5624405663D-001 -1.5202564695D-001
  0.0000000000D+000  3.7469860908D-003 -1.0371644418D-002 -5.6950444655D-003
  3.3101796371D-003  0.0000000000D+000  0.0000000000D+000 -1.5461308688D-002
  4.4907367892D-002  2.4503105848D-002 -7.8285593748D-003 -6.1844747766D-012
  1.5255487891D-002  4.7668522020D-002  6.3118206397D-002 -6.5485127728D-012
 -1.3377624255D-002  1.8474424055D-003  7.4795928761D-003 -7.4089007970D-003
  0.0000000000D+000  0.0000000000D+000 -9.4659217511D-003 -4.2224494015D-002
  3.9285147511D-003 -7.5368449980D-002  8.6705352887D-012  6.2286509862D-001
  1.5960727314D-001 -1.1231627798D-001  2.3465671298D-011  2.1939292335D-003
 -8.9910841289D-003  1.3792544857D-003  1.7968775606D-002  0.0000000000D+000
  0.0000000000D+000 -1.9062112605D-003  1.6129822014D-002  1.2514232986D-001
 -5.6984233497D-002 -1.6505991303D-012 -2.3506745857D-001  3.4204452116D-001
 -5.2620411225D-001 -1.1622034802D-011 -3.9993217231D-003  1.7475855640D-003
 -6.1231136424D-004 -6.0197131533D-003  0.0000000000D+000  0.0000000000D+000
  8.5298474854D-002 -1.5604501685D-001 -1.8069009342D-001  2.5155174044D-002
  0.0000000000D+000 -1.1659389615D+000 -6.6035379126D-001  2.0638343175D-001
  2.9027716542D-012 -2.5547339546D-003  2.0155857523D-002 -5.0613347612D-003
  5.1260598492D-003  0.0000000000D+000  0.0000000000D+000 -7.9457116782D-003
 -3.2098572637D-001  3.5247289961D-002 -3.2894066575D-002  6.7685606072D-002
 -2.7208572016D-001 -1.6280898888D-011 -6.2562932790D-001  1.3314171923D-001
 -8.5292172946D-001 -6.6788209340D-011 -4.5726749917D-004 -6.5568208144D-003
  1.4546588144D-002 -8.8448517072D-003  0.0000000000D+000  0.0000000000D+000
  4.6518204481D-002  8.7256600774D-001 -6.9156146087D-002 -8.3187714545D-001
  4.6518204476D-002  8.7256600760D-001  3.0197154540D-002  1.4110121222D+000
 -6.2202055002D-002  6.7364696370D-002 -9.6782657657D-002 -2.7178964553D-002
 -1.0500507214D-012  9.6125510087D-001 -1.7093232498D-001 -2.6016304269D-001
 -1.7273416525D-012 -4.4185455157D-002 -8.1313188138D-003 -2.8208903094D-002
  1.0867927853D-002  0.0000000000D+000  0.0000000000D+000  1.7232540095D-002
 -5.5115883433D-002 -2.2697137866D-001  9.6323425954D-002  8.9568637013D-012
 -5.1330955221D-002 -2.7699697762D-001  8.3419337834D-002  7.6456327027D-012
  3.8561246145D-003 -2.8456542609D-003 -3.6165103741D-003  5.5056485962D-003
  1.9227828554D-012  0.0000000000D+000 -5.6323741444D-002  1.1556591109D-001
  1.6394345321D-002 -1.3582814402D-001 -9.9170813579D-012  4.7799713527D-001
 -2.4342137973D-001 -2.3790125733D-001 -2.7914615521D-011 -1.4157950861D-002
  2.2764215592D-003  2.7984364931D-006  4.5439743832D-003  0.0000000000D+000
  0.0000000000D+000  9.3264243014D-002 -1.6116638991D-001 -1.1089150986D-002
  1.5039051707D-001  3.3189981192D-012 -1.2752023508D+000  2.6372956982D-001
  8.6863244855D-001  1.5513584747D-011  1.9810369467D-002  5.8866522125D-003
 -3.9907888079D-003 -1.5850208175D-002  0.0000000000D+000  0.0000000000D+000
 -2.0311985760D-002  6.6793010658D-002  4.7437431347D-002 -1.6074955062D-001
  0.0000000000D+000 -8.9421508070D-002  3.2023490705D-001 -9.4226250036D-001
 -5.5936263091D-012 -1.4747995608D-002 -2.6886169365D-003 -1.0306808261D-003
 -2.1534533798D-002  0.0000000000D+000  0.0000000000D+000  2.8865716498D-002
  1.5422517532D+000 -1.6427502787D-002  6.8235330395D-003 -1.8854321576D-001
 -1.5323077701D-001  2.0857355514D-011  3.5596411318D-001 -5.2694512851D-001
 -3.9234617994D-001  6.5287651724D-011  7.6200738440D-003 -1.2910245817D-002
 -1.8576447134D-003 -9.1075686026D-003  0.0000000000D+000 -1.0270935569D-012
  6.5393413759D-003 -7.5825044006D-002 -7.4760927356D-002 -9.5256264751D-001
  6.5393413807D-003 -7.5825043868D-002 -7.6411465020D-003 -6.7311582495D-001
  4.5301554877D-012 -6.4337629805D-012  6.9697143386D-012  3.0094924759D-012
 -2.6730637616D-002 -6.5562163964D-011  1.2484724955D-011  1.8055416319D-011
 -2.0996280974D-002  2.6667526895D-012  0.0000000000D+000  1.7159247143D-012
  0.0000000000D+000 -6.2415214582D-003  6.1809072705D-003 -1.1541923728D-012
  2.1161583402D-012  1.3466578486D-011 -7.2370699759D-012  1.6009277357D-001
 -1.4784453486D-011  2.5240666828D-011  8.5078799475D-012  1.9114794681D-001
  0.0000000000D+000  0.0000000000D+000  0.0000000000D+000  0.0000000000D+000
  9.4824546289D-003  4.6866093797D-003  2.4905477436D-012 -1.2055883075D-011
  0.0000000000D+000  5.6519710525D-012 -1.8878199737D-001  2.9692467445D-012
  1.8403175745D-011  3.8624158041D-011 -5.1278078060D-001  0.0000000000D+000
  0.0000000000D+000  0.0000000000D+000  1.5196585898D-012 -1.2349305472D-002
 -2.3925183380D-003 -3.3581884553D-012  3.8302349577D-012  6.1257921083D-012
 -9.0661501180D-012  4.3405550349D-002  5.6718390795D-011 -1.6831061405D-011
 -4.6117515405D-011  2.2656971885D-001 -1.0902122363D-012  0.0000000000D+000
  0.0000000000D+000  0.0000000000D+000  4.2687417510D-003 -1.2845849711D-002
  0.0000000000D+000 -3.6554257324D-012 -5.5679749838D-012  1.1654418409D-011
  4.7910126492D-003  1.1398057810D-011 -2.5431438042D-011  6.1332251359D-011
 -5.5165921359D-002  0.0000000000D+000  0.0000000000D+000  0.0000000000D+000
  1.4503075498D-012  3.1737601454D-004 -7.4194770377D-003  0.0000000000D+000
 -6.9034491652D-011  5.7538787485D-012 -7.1033427886D-012  1.6285565077D-011
 -8.8656405838D-012  4.2555103853D-001 -1.0293141157D-010  5.0231628691D-011
 -5.0801997035D-011  1.3927510166D+000  0.0000000000D+000  1.2868625129D-012
  0.0000000000D+000  0.0000000000D+000 -6.6681141719D-003 -1.4645305228D-002
 -6.4813442784D-002 -1.4856924604D+000 -2.9883332901D-012  6.6653802656D-012
  6.4813442796D-002  1.4856924606D+000  0.0000000000D+000  4.7439376047D-011
  3.3849220407D-002 -1.8995233124D-002 -2.3083405820D-001  3.1014044495D-001
  2.1613623211D-012 -6.5855971721D-001 -3.0833301393D-001  5.8538332394D-001
  3.5342110607D-012  5.8880885326D-003  1.8964391240D-002  3.1357060359D-002
  1.2051671747D-002  0.0000000000D+000  0.0000000000D+000  4.5376809935D-002
 -8.1553312368D-002 -2.1579887239D-001  1.2977554204D-003 -7.2015009944D-012
 -7.6204139029D-001 -1.4778703039D-001  1.7092367628D-001 -1.4738412319D-011
  2.4206137801D-002 -6.5232308207D-003  3.6461748244D-003  4.4850760610D-003
  1.0742989541D-012  0.0000000000D+000  4.3674201109D-002 -8.3399775685D-002
 -2.5187730284D-002  1.8907796863D-001  8.0219530469D-012 -7.3133262318D-001
  2.4919257282D-002  9.3348008453D-001  1.9494282893D-011 -9.2234241678D-003
  8.7673147336D-003  2.1826752673D-003  1.3768939814D-003  0.0000000000D+000
  0.0000000000D+000 -2.4024316236D-002 -5.5540058436D-005 -7.9016208989D-002
  3.8406478204D-002 -3.4318427232D-012  7.8789463028D-001 -6.3120374725D-001
  2.3803860697D-001 -8.1126569635D-012 -1.6159377148D-002  5.9411444458D-003
  3.1755946086D-004  3.0690744433D-002  0.0000000000D+000  0.0000000000D+000
 -6.8605448534D-002  1.1119444708D-001 -1.6160510573D-002  2.1061694471D-001
  0.0000000000D+000  1.1124154120D+000  4.2361964016D-002  7.9023156955D-001
  1.9460927874D-012  2.3323067974D-002 -3.5309500598D-002  1.3606494782D-002
 -1.0550580271D-002  0.0000000000D+000  0.0000000000D+000  9.4115898774D-002
 -3.7101442257D-002 -2.2598377601D-002  6.3550812665D-003 -2.6005940602D-002
 -2.4001598651D-001 -6.8802681542D-012  4.6738920135D-001  1.5771037256D-001
 -9.2907604792D-001 -3.0913364916D-011 -7.4340220511D-003 -2.7374134066D-003
  2.6020834846D-003  7.4264508598D-003  0.0000000000D+000  0.0000000000D+000
  1.2934788199D-002  3.8192839374D-001 -2.4538591010D-002 -1.1471528056D+000
  1.2934788199D-002  3.8192839368D-001  4.4776569682D-002 -2.0581353556D-001
 -3.8224457220D-002  3.2223839798D-002  7.3937142164D-002 -5.6234897553D-002
  0.0000000000D+000  7.1110255265D-001  8.8442018739D-003 -1.9054723705D-001
 -1.1013343593D-012 -6.0706579464D-003 -1.9912406185D-002 -2.3164905964D-002
  6.0235256308D-003  0.0000000000D+000  0.0000000000D+000 -2.9532649836D-002
  7.6498602923D-002 -1.0587928740D-001 -1.0455692137D-001  0.0000000000D+000
  2.6743851376D-001 -4.7838383748D-001 -9.9031015423D-002  0.0000000000D+000
 -1.0257386443D-002  3.9578948361D-003 -4.7899426096D-003 -7.0735565725D-003
  0.0000000000D+000  0.0000000000D+000  1.2865332217D-001 -1.6805380455D-001
  3.0500287136D-001 -4.7498801844D-002  0.0000000000D+000 -2.6109476020D+000
  1.6079994053D+000 -2.1356266700D-001  2.6921757410D-012  3.0677445662D-003
  1.8369982167D-002 -8.9927537064D-003  9.8420049599D-003  0.0000000000D+000
  0.0000000000D+000 -5.6198380524D-003  5.6758524737D-002 -9.4710050350D-002
  8.5243575197D-002 -1.5085953641D-012 -5.6310837741D-001 -7.7965659970D-001
 -1.4502757370D-001  0.0000000000D+000  7.9588432756D-003 -5.4593313408D-004
 -1.9169750268D-003  2.3091463259D-003  0.0000000000D+000  0.0000000000D+000
  1.2722793825D-002 -1.6659279019D-004  4.2610182979D-003 -1.7118826334D-001
  0.0000000000D+000  3.4453391077D-001 -9.1525578936D-002 -8.4076389465D-001
  0.0000000000D+000  7.6302945826D-003  4.4627560575D-003 -4.7609283039D-003
 -7.4606486337D-003  0.0000000000D+000  0.0000000000D+000 -4.2178740447D-002
 -1.3367926827D-001 -8.7308725258D-002  1.6382301823D-002  1.5366166204D-001
 -4.0599847691D-002  0.0000000000D+000  2.0407518844D+000  1.8634318200D+000
 -2.5718604612D-002  1.7382537395D-012 -4.6504201453D-002  1.5713783259D-002
  6.7101112411D-003 -9.2657296955D-003  0.0000000000D+000  0.0000000000D+000
  6.2554290217D-002  9.3683447546D-002  3.4311452852D-002 -1.3036418320D-001
  6.2554290218D-002  9.3683447549D-002  3.5216382120D-002 -2.8223834639D-001
GEOMETRY2
  8        2.61718053731000        1.44000533249000       -0.00000000000000
  7        0.05500553297330        2.10386044306000       -0.00000000000000
  6       -1.19830732521000       -0.04496881892260       -0.00000000000000
  6        0.47582479274600       -2.16331447935000        0.00000000000000
  6        2.80882848450000       -1.09163095559000        0.00000000000000
  1       -0.00732387097788       -4.14595812706000        0.00000000000000
  6       -4.03736005177000       -0.05207490864290       -0.00000000000000
  1       -4.77834579483000        0.91975512189800        1.66940536230000
  1       -4.76123082719000       -1.98695547158000        0.00000000000000
  1       -4.77834579483000        0.91975512189800       -1.66940536230000
  1        4.70884785693000       -1.84172743145000        0.00000000000000
HESSIAN 6-31G(d)
  33
  3.7522128251D-001
  4.8812536480D-002  4.8847753631D-001
  2.5018247534D-011  1.4126103549D-012  9.3295173167D-002
 -1.4896669029D-001  6.8592400713D-002 -2.0909893142D-011  3.8428238463D-001
 -4.3828116593D-002 -7.2845283538D-002  1.2768595195D-011  8.0293357287D-002
  5.8078491783D-001
 -2.8492557588D-011  9.6227517978D-012 -6.7241347114D-002  1.8312926436D-011
 -3.7484502419D-011  9.0057305396D-002
 -1.0130444385D-001 -1.9920056240D-002  2.7110279729D-012 -1.7324556985D-001
 -1.0937003466D-001  2.6424959686D-012  7.6656060336D-001
 -3.6608746732D-002 -3.8971435198D-002 -1.9331122208D-012 -1.4761067544D-001
 -3.5804352895D-001  2.4918160759D-011  4.7329176320D-002  6.5040559428D-001
  0.0000000000D+000 -2.6022924439D-012  9.3451569630D-003  7.8669736955D-012
  3.8149724547D-011 -6.9299991845D-002  2.2072663876D-012 -3.3162787696D-011
  1.7858096783D-001
 -1.7801811788D-002 -6.9607908954D-002 -4.3225914830D-012  2.4732419036D-002
  4.0966615921D-002  4.8557555848D-012 -1.7428590107D-001  5.1521207635D-002
 -1.0435192842D-011  6.4538755769D-001
 -1.0733149146D-002 -7.1189592630D-002 -3.9466142092D-012 -2.9444886166D-002
 -7.2506787944D-002  2.6766155828D-012  9.5640273063D-002 -2.0390249047D-001
  0.0000000000D+000  1.4345340724D-001  8.3641421453D-001
  0.0000000000D+000  2.4798178284D-012  1.4442653825D-002  9.1353437386D-012
 -5.7602968115D-012  2.1749289884D-002 -9.7962697506D-012  9.3954493465D-012
 -6.5403030208D-002  2.3494998986D-012 -7.3284913206D-012  1.0868735500D-001
 -1.0268747823D-001 -2.3823794862D-002  1.8506420502D-012 -5.9391915042D-002
  3.0533663099D-002  3.4939777742D-012 -5.6288838173D-002  6.4136280171D-002
 -1.9549998841D-012 -3.8167894279D-001 -1.3583061631D-001  0.0000000000D+000
  9.2654915006D-001
  1.0434295376D-002 -2.8951360500D-001 -1.1109220460D-011  6.1351288766D-002
 -7.6841823060D-002  1.2367423386D-012 -6.5540849580D-003  5.0975939097D-002
  0.0000000000D+000 -1.0792574096D-001 -1.6448270927D-001 -5.6412902612D-012
 -3.0589846293D-002  5.7938219264D-001
  1.7813979252D-012 -1.1375852985D-011 -6.4064528337D-002 -7.8635044327D-012
 -1.2787937230D-012  1.5934576781D-002  0.0000000000D+000  0.0000000000D+000
  9.4124275779D-003  5.5114045168D-012  3.5391514508D-012 -5.9992873497D-002
 -1.0996219528D-011  1.0674065727D-011  1.2809678208D-001
 -4.5702972863D-003 -5.4915230061D-003  0.0000000000D+000 -4.2390188519D-003
  6.0492656530D-003 -1.0254694449D-012  1.1823182343D-002  1.8160213294D-002
  0.0000000000D+000 -7.4871548492D-002 -7.0334517573D-002  0.0000000000D+000
  4.5912017651D-003 -2.5484596341D-002  2.0564459489D-012  6.6333496922D-002
  1.2837466257D-003  4.1471986433D-004  0.0000000000D+000  6.5814284392D-004
 -3.2486092281D-003  0.0000000000D+000 -1.0118821768D-002 -9.6645354635D-003
  1.3277384857D-012 -7.2130778002D-002 -3.4564736114D-001  3.6834597083D-012
  3.1291505984D-003 -2.1840319269D-003  2.0306842874D-012  7.7363635832D-002
  3.5971423850D-001
  0.0000000000D+000  0.0000000000D+000  9.0516075703D-003 -1.0102554366D-012
  1.5732457756D-012  5.8770034895D-003  0.0000000000D+000 -2.9200032744D-012
 -3.3436342231D-003  4.2634493359D-012  6.3293248223D-012 -2.5757875019D-002
 -2.9573377766D-012  1.1595992544D-012 -3.9115307319D-003  0.0000000000D+000
 -6.6236089185D-012  2.1639354601D-002
  3.5833251078D-003 -2.8552272163D-004 -6.0253965876D-007 -2.5770237243D-002
 -7.7544226985D-003  2.3651879982D-007 -2.2712445585D-001  6.3208880751D-003
  5.8613401626D-007 -1.2810686872D-002 -1.5174195266D-003 -8.6249102507D-007
 -5.7589536231D-004 -2.0167852285D-004  8.0180869841D-007  1.2699977851D-003
 -6.1394498953D-004 -5.6582755354D-008  5.0006177061D-001
 -6.7981603668D-003 -3.4521067248D-003  6.4328555958D-007 -2.9925094328D-002
  7.1629722182D-003 -8.0236769589D-007  1.9926765663D-003 -8.8583921260D-002
  2.4493963011D-006  2.2340655634D-002  6.2978075655D-003 -1.0079305976D-006
  2.5910593432D-003 -6.1381818517D-003 -4.0023951455D-007 -3.2006833504D-004
  2.2814736758D-004  2.5882016282D-007  7.5568712982D-003  5.8789351234D-001
  2.4970228139D-006 -1.6893232936D-006  8.3387901301D-003 -1.9304173984D-006
 -2.1669649201D-006 -4.2654698745D-003  1.3726905101D-007  5.5009438600D-006
 -6.9827751161D-002  1.5980025868D-006 -3.5213146730D-006  4.2493306472D-003
 -1.5977828964D-006  2.2505095669D-006  4.7338927041D-003 -4.3109914916D-007
  7.4506263494D-007 -1.9174443074D-003 -6.8318858472D-011 -6.5017028993D-010
  5.5516872356D-001
 -1.6934506384D-003  4.4976654199D-004 -1.6921148316D-003  2.6631723434D-003
  1.3692503919D-003  3.6617106620D-004 -1.5905032833D-002  1.6601109903D-002
  2.7618166359D-002 -2.1946329016D-003 -1.6635162531D-003  2.9164436257D-004
 -5.7194996693D-004 -6.0918433987D-005 -8.4771714455D-004  3.8179176602D-005
  9.1203027718D-005  2.0478142744D-004 -7.8840662712D-002  4.2893885377D-002
  7.6168480724D-002  8.8102674228D-002
 -2.1526314249D-004  3.3157747365D-004 -9.7429131188D-005 -1.1444417318D-003
  1.1067981525D-004 -5.2627800444D-004  1.4577349011D-003 -4.1089718452D-004
  2.2250873181D-003  8.5382396625D-004  3.8694542123D-004  1.3458774547D-004
 -1.0520787872D-004 -5.7072145961D-004  4.4998308306D-004 -1.4923242946D-004
  1.4303047396D-004 -2.1561738586D-004  4.2556787942D-002 -1.0776203485D-001
 -1.0317628940D-001 -4.8295043909D-002  1.1214490876D-001
  5.8016463215D-004  1.5340983263D-004  1.6024329624D-004 -5.4551218493D-004
 -5.9123897716D-004  8.0135943499D-004  1.1488635764D-005  2.2025697221D-003
  3.2874460272D-003 -6.9716914052D-004  4.0899871858D-004 -4.3500982046D-004
 -1.7920178574D-004  2.3824474861D-004 -1.7691624847D-004 -1.2275105657D-005
 -1.4139680471D-006  7.4486719094D-005  7.5888628973D-002 -1.0316617681D-001
 -2.2397788519D-001 -8.2233755858D-002  1.1340166019D-001  2.4026760532D-001
 -3.1115286140D-003 -2.1593963594D-004  1.1967583504D-007 -4.7084036396D-003
  2.6722663687D-003 -1.2217848902D-006 -1.1056614803D-002 -3.5406450781D-002
 -8.7138465829D-007  2.3434159150D-003 -2.1480570611D-004 -1.9136794761D-006
 -1.2065700853D-004 -1.4037495689D-003  2.0291286391D-006 -3.4817588169D-004
  6.8186417170D-004 -1.8166388650D-011 -8.0778786526D-002 -8.4024595718D-002
  1.5945560989D-010  4.2646318033D-003  1.1580786865D-002 -1.7616407023D-003
  8.9148986639D-002
  3.1010564922D-004  6.4990843965D-004  2.3192210853D-007  8.9481602479D-005
  3.0357342593D-004 -4.1023260699D-007  2.7724982416D-003  2.1112529350D-003
  1.6952641429D-006  7.8968641585D-004  7.9532949553D-004 -3.1951913941D-006
 -4.3263558222D-004 -2.0562386640D-004  5.7525704829D-007 -3.7405934932D-004
  2.5614414905D-004  2.4635652847D-007 -8.8607471172D-002 -2.8907958384D-001
 -6.6119951029D-010 -4.5704662353D-003 -1.3108626746D-002  1.1072523766D-003
  9.4577466838D-002  3.1135398220D-001
 -1.4232088583D-006  1.1429373615D-006  1.0773278181D-003  6.9123080222D-007
  5.0941820851D-007  1.7440818161D-004  1.8131149190D-007 -2.8542301730D-006
 -2.1969623551D-003 -4.6946289733D-007  2.0642456635D-006  4.6397396714D-005
  5.7639901578D-007 -1.1847174011D-006 -2.2050288013D-004  1.6791833109D-007
 -3.4118941177D-007  2.6240500130D-004  5.1551121993D-011  3.8215208986D-010
 -4.8895526757D-002 -1.0801101723D-002 -2.5899692059D-002  1.5355175305D-003
 -1.5221025618D-010  3.2145532731D-010  4.6821122439D-002
 -1.6996692279D-003  4.5073705925D-004  1.6936606208D-003  2.6658170070D-003
  1.3660095657D-003 -3.7171797270D-004 -1.5895695228D-002  1.6592743321D-002
 -2.7618345067D-002 -2.1975732455D-003 -1.6596237345D-003 -2.9411728243D-004
 -5.7253619040D-004 -5.7270974077D-005  8.4819391712D-004  3.8082419804D-005
  9.0516874356D-005 -2.0487771067D-004 -7.8843391107D-002  4.2894952282D-002
 -7.6162899325D-002  4.3504532158D-003 -6.5810021916D-003  9.0045778148D-003
  4.2648083983D-003 -4.5706016020D-003  1.0800412590D-002  8.8102673008D-002
 -2.1225809240D-004  3.3525105791D-004  9.9076772396D-005 -1.1470800000D-003
  1.0925276451D-004  5.2911873441D-004  1.4566365604D-003 -4.1030412757D-004
 -2.2270833037D-003  8.5345965593D-004  3.9050596825D-004 -1.3353145975D-004
 -1.0534146328D-004 -5.7643588428D-004 -4.5328271968D-004 -1.4833160146D-004
  1.4304479919D-004  2.1584337977D-004  4.2557480067D-002 -1.0776129805D-001
  1.0317247742D-001 -6.5825094015D-003  8.6833753802D-003 -1.3766104217D-002
  1.1579616392D-002 -1.3107739028D-002  2.5900747789D-002 -4.8295043886D-002
  1.1214490752D-001
 -5.8502684334D-004 -1.5502321917D-004  1.5905393255D-004  5.4890590016D-004
  5.9351253850D-004  7.9885252489D-004 -1.1259096569D-005 -2.2013306660D-003
  3.2886580115D-003  6.9793157409D-004 -4.1180023993D-004 -4.3568659058D-004
  1.8024421791D-004 -2.3316651360D-004 -1.7279471826D-004  1.1453659227D-005
 -2.0639711510D-007  7.4104898390D-005 -7.5888511255D-002  1.0316142465D-001
 -2.2397641364D-001 -9.0022713623D-003  1.3769098366D-002 -2.1546343468D-002
  1.7633782638D-003 -1.1080642242D-003  1.5347559485D-003  8.2233754738D-002
 -1.1340165886D-001  2.4026760361D-001
  3.0415662518D-003  1.0372516841D-003 -2.4548856255D-007  1.9646691625D-003
 -2.2942523451D-003 -6.4868288909D-007 -3.2709318488D-003 -1.0344193287D-003
  1.0439122415D-006 -6.6422738345D-003  1.2303111606D-002 -7.4689635459D-007
 -3.2923922291D-001  1.0049899725D-001  8.4830070420D-007 -6.5650452859D-005
 -4.3383405974D-004  7.2103065475D-008 -1.6601864635D-004  7.9113077521D-004
 -1.4058454494D-006 -2.1472075154D-004  4.0079469498D-005 -5.5303027244D-005
  1.0429351856D-004  1.9733752967D-005  9.7974886492D-007 -2.1434561057D-004
  4.0517821954D-005  5.5582892649D-005  3.3470230107D-001
  3.7531305323D-002 -1.4243928177D-002  8.8430051843D-008 -1.6869748101D-003
 -4.9855050727D-003  7.4161214352D-007 -4.6816753779D-003 -3.5189163969D-003
 -3.7281685615D-006 -1.1129816031D-002  1.3435178769D-002  1.8967739010D-006
  9.0512654813D-002 -8.9824698673D-002 -2.3111755265D-006  7.3175249420D-004
 -1.4878388344D-004 -5.6618625195D-008 -1.8718667847D-005  1.1990397235D-003
  2.3995103143D-006 -2.3119238379D-004  5.3232791796D-005  1.4479610187D-005
  1.7103308550D-004  2.5204419756D-005 -6.7098846209D-007 -2.2941517769D-004
  5.2034083507D-005 -1.2140257930D-005 -1.1097088175D-001  9.7957901905D-002
  2.5397497959D-007 -2.8809799407D-007 -4.5531362281D-003 -1.0523060180D-007
  1.6626969933D-007  5.4017539855D-003 -5.0755529341D-007  4.2257036047D-007
  6.1616896647D-003  4.3013076834D-007 -3.0530493862D-007  2.8564225027D-003
 -8.1238233852D-008  3.5301751050D-007 -2.9649344015D-002 -2.3183752549D-008
 -1.2666651989D-007 -2.0489137718D-003  2.1164387229D-007  1.7752540987D-007
  3.6985750589D-004 -7.2529551516D-005 -6.3477584915D-005  1.0625908766D-005
 -4.2154058300D-007 -4.8249299852D-008 -1.3954008094D-004  7.1828521900D-005
  6.3982807337D-005  1.0035835447D-005 -2.8726319680D-011  4.8728871778D-011
  2.1578647779D-002
