C OPT B3LYP 6-31G* FINDBEST=MMFF FREQ NMR POLAR
C CONVERGE SCFTOLERANCE=VERYHIGH GRADIENTTOLERANCE=0.000005
DISTANCETOLERANCE=0.00002 BIGGRID
M0001
0 1
 8   0.134073674   0.416507062   1.125571397
 7   1.104325733   0.214400283   2.092079714
 6   0.443436054   0.061231247   3.244640007
 6  -0.951312271   0.159864267   3.050918356
 6  -1.102251887   0.384220987   1.699635900
 1  -1.738133734   0.079700106   3.786216269
 6   1.185939110  -0.176783187   4.502194474
 1   1.778020516  -1.094928256   4.431891440
 1   0.501966682  -0.279909369   5.350707876
 1   1.863000613   0.657182302   4.713339677
 6  -2.244600999   0.575679358   0.849871269
 8  -2.222754455   0.766214192  -0.359438269
 8  -3.384971096   0.510074704   1.600885018
 6  -4.615588322   0.688327404   0.884281269
 1  -4.514793158   1.445673629   0.098450789
 1  -5.350478832   1.067464156   1.602011990
 6  -5.091069753  -0.638158931   0.322075120
 1  -4.372922064  -1.039525205  -0.399859215
 1  -6.058745251  -0.524283991  -0.174601024
 1  -5.188863324  -1.381050519   1.120510138
ENDCART
ATOMLABELS
"*O1"
"*N1"
"*C3"
"*C4"
"*C5"
"H8"
"C6"
"H3"
"H5"
"H6"
"C7"
"O1"
"O2"
"C9"
"H10"
"H11"
"C8"
"H7"
"H9"
"H12"
ENDATOMLABELS
HESSIAN
    8    6    2    2    2   13    1   13   13   13    2    9
    8    1   13   13    1   13   13   13
    1    2    1
    1    5    1
    2    3    2
    3    4    1
    4    6    1
    4    5    2
    7    8    1
    7    9    1
    7   10    1
    3    7    1
    5   11    1
   11   12    2
   11   13    1
   14   15    1
   14   16    1
   13   14    1
   17   18    1
   17   19    1
   17   20    1
   14   17    1
ENDHESS
NOCONFORMER
BEGINPROPIN
C DOQSAR PRINTMO THERMO PRINTFREQ PRINTCHG
C QSAR NBO DIPOLE POP PROPPRINTLEV=2 PROPRERUN
 PRINTVIBCOORDS PROP:IGNORE_WARN
ENDPROPIN
BEGINPREFERENCES
 MM:CONF_SELECTION_RULE=2
ENDPREFERENCES
